 1 37  5 22  6   89.458  -71.354  -11.9 9999 1013.7  265    8   10   10 9999
 1 37  5 22 12   89.456  -69.297  -11.7 9999 1011.4  265    7   10    0 9999
 1 37  5 22 18   89.448  -67.343   -9.8 9999 1009.8  265    7   10   10 9999
 1 37  5 23  0   89.438  -65.450  -10.4 9999 1009.0  285    5   10   10 9999
 1 37  5 23  6   89.429  -63.621  -11.6 9999 1010.6  330    6   10   10 9999
 1 37  5 23 12   89.418  -61.856  -12.2 9999 1013.4  330    6    8    4 9999
 1 37  5 23 18   89.407  -60.154  -11.6 9999 1015.1  355    6   10    5 9999
 1 37  5 24  0   89.396  -58.515  -10.2 9999 1017.3  330    5   10   10 9999
 1 37  5 24  6   89.384  -56.938  -11.2 9999 1020.6  355    5   10   10 9999
 1 37  5 24 12   89.372  -55.421  -11.1 9999 1020.6  355    8   10   10 9999
 1 37  5 24 18   89.359  -53.965  -11.7 9999 1019.1  355    5   10   10 9999
 1 37  5 25  0   89.346  -52.566  -12.2 9999 1016.3  305    5   10   10 9999
 1 37  5 25  6   89.332  -51.222  -11.7 9999 1012.9  305    4   10   10 9999
 1 37  5 25 12   89.318  -49.933  -10.8 9999 1013.5  215    1    2    0 9999
 1 37  5 25 18   89.303  -49.439  -14.4 9999 1018.2  150    2    0    0 9999
 1 37  5 26  0   89.287  -48.967  -15.1 9999 1024.2  130    1    0    0 9999
 1 37  5 26  6   89.281  -47.724  -16.3 9999 1027.3  130    2    4    0 9999
 1 37  5 26 12   89.275  -46.503  -13.4 9999 1025.8  305    5   10    0 9999
 1 37  5 26 18   89.268  -45.303   -9.6 9999 1021.5  305    9   10   10 9999
 1 37  5 27  0   89.261  -44.124   -6.6 9999 1018.7  305    7   10    2 9999
 1 37  5 27  6   89.254  -42.967   -7.9 9999 1017.9  305    7   10   10 9999
 1 37  5 27 12   89.247  -41.833   -7.4 9999 1016.5  355    3    9    9 9999
 1 37  5 27 18   89.235  -41.139   -8.2 9999 1015.4  355    3   10    8 9999
 1 37  5 28  0   89.223  -40.465   -9.1 9999 1015.4  355    4   10   10 9999
 1 37  5 28  6   89.211  -39.813   -9.1 9999 1014.2  330    4   10   10 9999
 1 37  5 28 12   89.198  -39.180   -8.4 9999 1013.8  355    4   10   10 9999
 1 37  5 28 18   89.186  -38.566   -8.9 9999 1012.7  355    5   10   10 9999
 1 37  5 29  0   89.173  -37.971   -5.7 9999 1009.0  305    4   10    5 9999
 1 37  5 29  6   89.161  -37.394   -5.4 9999 1003.7  285    4   10   10 9999
 1 37  5 29 12   89.148  -36.833   -6.2 9999 1006.6  355    5    4    2 9999
 1 37  5 29 18   89.142  -36.382   -9.2 9999 1012.2   35    2   10    0 9999
 1 37  5 30  0   89.135  -35.938   -8.5 9999 1014.3  150    1   10    0 9999
 1 37  5 30  6   89.128  -35.500   -8.2 9999 1016.7  130    2    5    0 9999
 1 37  5 30 12   89.122  -35.212   -9.2 9999 1020.5  130    1    2    0 9999
 1 37  5 30 18   89.115  -34.927  -10.7 9999 1021.9  150    2    8    0 9999
 1 37  5 31  0   89.108  -34.647   -7.5 9999 1019.5  265    5   10   10 9999
 1 37  5 31  6   89.102  -34.372   -2.7 9999 1015.7  285    5   10   10 9999
 1 37  5 31 12   89.095  -34.100   -2.1 9999 1014.3  305    6   10   10 9999
 1 37  5 31 18   89.084  -33.533   -3.5 9999 1014.1  305    6   10    0 9999
 1 37  6  1  0   89.072  -32.980   -4.0   99 1013.3  305    7   10    0 9999
 1 37  6  1  6   89.060  -32.441   -3.7   97 1011.7  305    7   10   10 9999
 1 37  6  1 12   89.049  -31.914   -2.2   98 1009.7  355    7   10   10 9999
 1 37  6  1 18   89.037  -31.401   -2.2  100 1008.2  355    6   10   10 9999
 1 37  6  2  0   89.025  -30.900   -1.9   94 1005.0  330    6   10   10 9999
 1 37  6  2  6   89.013  -30.412   -1.9   91 1001.8  355    6   10   10 9999
 1 37  6  2 12   89.001  -29.934   -1.8   94  998.9  330    7   10   10 9999
 1 37  6  2 18   88.989  -29.469   -2.2   93  997.1  355    5   10   10 9999
 1 37  6  3  0   88.977  -29.014   -3.3   92  997.8  355    5   10    3 9999
 1 37  6  3  6   88.965  -28.570   -3.8   94  998.9  150    3   10   10 9999
 1 37  6  3 12   88.952  -28.137   -4.0   94  999.3  130    3   10   10 9999
 1 37  6  3 18   88.940  -27.713   -3.3   89  998.1  265    4   10   10 9999
 1 37  6  4  0   88.928  -27.299   -3.4   89  998.2  305    6   10   10 9999
 1 37  6  4  6   88.915  -26.895   -3.0   92  998.9  305    6   10   10 9999
 1 37  6  4 12   88.903  -26.500   -3.2   85 1000.2  330    5   10   10 9999
 1 37  6  4 18   88.890  -26.113   -3.5   75 1002.5  305    3   10   10 9999
 1 37  6  5  0   88.878  -25.736   -4.0   79 1004.3  285    2   10   10 9999
 1 37  6  5  6   88.865  -25.367   -4.2   81 1004.7  215    1    9    9 9999
 1 37  6  5 12   88.868  -24.600   -3.5   82 1005.9  265    3   10   10 9999
 1 37  6  5 18   88.870  -23.830   -1.9   89 1005.7  240    5   10   10 9999
 1 37  6  6  0   88.873  -23.056   -3.9   86 1005.8  265    8    9    9 9999
 1 37  6  6  6   88.875  -22.279   -4.6   93 1005.5  240    7   10   10 9999
 1 37  6  6 12   88.877  -21.500   -5.3   92 1005.5  215    7   10   10 9999
 1 37  6  6 18   88.881  -20.588   -4.7   82 1004.5  215    7   10    8 9999
 1 37  6  7  0   88.885  -19.669   -3.5   92 1002.1  215    5   10    9 9999
 1 37  6  7  6   88.889  -18.744   -3.8   94  999.8  215    7   10   10 9999
 1 37  6  7 12   88.892  -17.813   -2.2   93  999.1  215    7   10   10 9999
 1 37  6  7 18   88.895  -16.876   -4.1   81 1000.2  285    7   10    9 9999
 1 37  6  8  0   88.898  -15.935   -4.2   81 1002.3  285    6   10   10 9999
 1 37  6  8  6   88.901  -14.988   -5.7   84 1000.9  215    6   10    2 9999
 1 37  6  8 12   88.903  -14.038   -1.0   92  995.7  215   11   10    0 9999
 1 37  6  8 18   88.905  -13.083   -1.0   88  995.7  215    8    9    0 9999
 1 37  6  9  0   88.911  -12.365   -1.8   87  993.7  175    5   10   10 9999
 1 37  6  9  6   88.916  -11.640   -1.8   92  992.1  175    5   10   10 9999
 1 37  6  9 12   88.922  -10.907   -2.4   95  993.7  195    6   10   10 9999
 1 37  6  9 18   88.927  -10.167   -4.8   87  998.5  305    5   10    9 9999
 1 37  6 10  0   88.926   -9.909   -4.9   82 1001.9  215    2   10    0 9999
 1 37  6 10  6   88.925   -9.651   -5.3   81 1002.6  215    4   10   10 9999
 1 37  6 10 12   88.924   -9.394   -4.8   82 1003.0  215    5   10   10 9999
 1 37  6 10 18   88.923   -9.138   -4.8   85 1002.9  195    3   10   10 9999
 1 37  6 11  0   88.922   -8.882   -5.2   84 1001.5  175    3   10   10 9999
 1 37  6 11  6   88.921   -8.626   -4.8   82 1000.3  130    3   10   10 9999
 1 37  6 11 12   88.919   -8.371   -3.5   89 1000.5  130    2   10   10 9999
 1 37  6 11 18   88.918   -8.117    0.4   76 1000.1    0    0   10    0 9999
 1 37  6 12  0   88.910   -8.122   -3.0   90  999.8  305    1   10    0 9999
 1 37  6 12  6   88.902   -8.128   -4.0   89  999.8  305    3   10   10 9999
 1 37  6 12 12   88.893   -8.133   -4.2   91  999.8  305    5   10   10 9999
 1 37  6 12 18   88.878   -7.665   -4.1   88  999.8  285    7   10   10 9999
 1 37  6 13  0   88.863   -7.209   -4.0   89 1000.2  305    6   10    0 9999
 1 37  6 13  6   88.847   -6.765   -3.2   92  999.9  305    6   10   10 9999
 1 37  6 13 12   88.832   -6.333   -3.7   91 1000.9  265    6   10    0 9999
 1 37  6 13 18   88.828   -5.675   -4.2   91 1005.4  215    6   10   10 9999
 1 37  6 14  0   88.825   -5.021   -5.0   87 1009.5  215    6   10    0 9999
 1 37  6 14  6   88.821   -4.371   -5.9   86 1013.7  215    6   10   10 9999
 1 37  6 14 12   88.817   -3.725   -7.2   93 1017.5  215    5    0    0 9999
 1 37  6 14 18   88.813   -3.083   -7.6   90 1018.9  215    4   10   10 9999
 1 37  6 15  0   88.821   -2.921   -6.9   88 1019.1  195    3   10   10 9999
 1 37  6 15  6   88.829   -2.757   -5.7   95 1017.8  150    5   10   10 9999
 1 37  6 15 12   88.837   -2.590   -5.0   90 1015.7  150    6   10   10 9999
 1 37  6 15 18   88.845   -2.421   -3.4   84 1013.9  150    4   10    4 9999
 1 37  6 16  0   88.853   -2.250   -2.8   83 1012.7  130    5   10   10 9999
 1 37  6 16  6   88.861   -2.076   -3.2   82 1013.1  150    5   10   10 9999
 1 37  6 16 12   88.868   -1.900   -3.7   79 1013.7  150    4   10   10 9999
 1 37  6 16 18   88.863   -2.443   -4.3   83 1012.9  105    4   10    3 9999
 1 37  6 17  0   88.858   -2.981   -4.5   88 1011.9   85    4   10    0 9999
 1 37  6 17  6   88.852   -3.513   -4.3   88 1008.9   60    4   10   10 9999
 1 37  6 17 12   88.846   -4.041   -4.2   91 1008.3   35    4   10   10 9999
 1 37  6 17 18   88.841   -4.563   -3.5   87 1007.8   15    4   10    3 9999
 1 37  6 18  0   88.835   -5.080   -3.3   92 1007.9  355    4 9999 9999 9999
 1 37  6 18  6   88.829   -5.592   -3.3   92 1008.9  355    5   10   10 9999
 1 37  6 18 12   88.823   -6.099   -2.5   93 1010.9  305    5   10   10 9999
 1 37  6 18 18   88.817   -6.600   -2.0   91 1012.7  330    3   10   10 9999
 1 37  6 19  0   88.811   -7.097   -1.5   94 1014.3  355    3   10   10 9999
 1 37  6 19  6   88.804   -7.588   -0.7   97 1016.2   35    5   10   10 9999
 1 37  6 19 12   88.798   -8.074   -0.1   98 1017.3   35    3   10   10 9999
 1 37  6 19 18   88.792   -8.555    0.2   96 1017.7   35    4   10   10 9999
 1 37  6 20  0   88.785   -9.031   -0.2  100 1017.8   60    5   10   10 9999
 1 37  6 20  6   88.778   -9.501   -2.3   84 1017.3   60    4   10    0 9999
 1 37  6 20 12   88.772   -9.967   -2.5   79 1017.1   15    4   10    0 9999
 1 37  6 20 18   88.770   -9.763   -3.0   83 1016.9   15    4   10    0 9999
 1 37  6 21  0   88.768   -9.560   -2.1   82 1016.6   15    5   10    0 9999
 1 37  6 21  6   88.767   -9.357   -1.7   82 1015.1   60    5   10    0 9999
 1 37  6 21 12   88.765   -9.155   -1.6   85 1014.3   60    6   10    0 9999
 1 37  6 21 18   88.763   -8.953   -1.3   90 1012.5   60    5   10   10 9999
 1 37  6 22  0   88.761   -8.752   -0.8   93 1011.7   60    5   10   10 9999
 1 37  6 22  6   88.760   -8.552   -0.2   98 1011.0   60    4   10   10 9999
 1 37  6 22 12   88.758   -8.352   -1.0   92 1012.9  105    5   10   10 9999
 1 37  6 22 18   88.756   -8.153   -0.5   80 1013.5  150    2 9999 9999 9999
 1 37  6 23  0   88.754   -7.954   -1.0   79 1012.5  195    2   10   10 9999
 1 37  6 23  6   88.752   -7.756   -0.7   89 1010.6  195    3   10   10 9999
 1 37  6 23 12   88.750   -7.559   -1.3   94 1006.7  195    4   10   10 9999
 1 37  6 23 18   88.749   -7.362   -1.1   92 1000.7  195    7   10   10 9999
 1 37  6 24  0   88.747   -7.165   -1.8   85  994.9  215    7   10   10 9999
 1 37  6 24  6   88.745   -6.970   -2.2   86  988.5  215    9   10   10 9999
 1 37  6 24 12   88.743   -6.775   -2.5   93  983.3  215    9   10   10 9999
 1 37  6 24 18   88.741   -6.580   -0.8   97  980.9  215    6   10   10 9999
 1 37  6 25  0   88.739   -6.386    0.0  100  982.2  215    7   10   10 9999
 1 37  6 25  6   88.737   -6.193   -0.8  100  984.3  240    5   10   10 9999
 1 37  6 25 12   88.735   -6.000   -0.1   96  986.5  175    6 9999 9999 9999
 1 37  6 25 18   88.748   -5.269    0.0   98  988.5  175    6   10   10 9999
 1 37  6 26  0   88.760   -4.522   -0.1   93  990.3  150    4   10   10 9999
 1 37  6 26  6   88.773   -3.760   -0.1   93  991.4  150    7   10   10 9999
 1 37  6 26 12   88.785   -2.983    0.0   98  993.3  175    5   10   10 9999
 1 37  6 26 18   88.769   -3.832   -0.6   93  994.9  130    4   10    0 9999
 1 37  6 27  0   88.754   -4.659   -1.0   92  996.3  105    4   10    0 9999
 1 37  6 27  6   88.738   -5.465   -1.2   85  996.5   85    3   10   10 9999
 1 37  6 27 12   88.721   -6.250   -0.3   91  996.6   60    4   10   10 9999
 1 37  6 27 18   88.705   -7.016   -1.3   90  996.6   15    5   10    3 9999
 1 37  6 28  0   88.688   -7.763   -0.5   91  994.4  355    6   10   10 9999
 1 37  6 28  6   88.671   -8.490    0.1   96  993.1  355   10   10   10 9999
 1 37  6 28 12   88.654   -9.199    0.2  100  992.9   15   11   10   10 9999
 1 37  6 28 18   88.636   -9.890    0.5   96  996.2   15    9   10   10 9999
 1 37  6 29  0   88.619  -10.563    1.0   90 1001.5  355    6   10   10 9999
 1 37  6 29  6   88.601  -11.220    0.4   96 1006.1  355    7   10   10 9999
 1 37  6 29 12   88.583  -11.860    0.4   96 1009.3  355    7   10   10 9999
 1 37  6 29 18   88.565  -12.483    0.3   96 1012.7  355    6   10   10 9999
 1 37  6 30  0   88.553  -12.478   -1.0   90 1015.3  355    6   10   10 9999
 1 37  6 30  6   88.542  -12.472   -1.6   99 1016.7  355    6   10   10 9999
 1 37  6 30 12   88.530  -12.467    0.1   98 1018.9  355    4    2    0 9999
 1 37  6 30 18   88.529  -12.496    0.2   98 1020.2  355    3    1    0 9999
 1 37  7  1  0   88.528  -12.526    0.1   98 1021.3  355    2    2    0 9999
 1 37  7  1  6   88.527  -12.556    0.7   94 1021.3   35    2    2    0 9999
 1 37  7  1 12   88.526  -12.585    0.3   92 1021.9   35    2    2    0 9999
 1 37  7  1 18   88.523  -12.499    0.2   92 1020.9   35    2    2    0 9999
 1 37  7  2  0   88.519  -12.298   -0.2   94 1020.5   35    2    3    0 9999
 1 37  7  2  6   88.516  -12.098    0.2   90 1018.9   35    2    4    0 9999
 1 37  7  2 12   88.512  -11.899    0.4   92 1017.5   35    5    6    0 9999
 1 37  7  2 18   88.508  -11.701    0.1   98 1015.1  355    3   10   10 9999
 1 37  7  3  0   88.504  -11.504    0.6   96 1013.8   35    2   10   10 9999
 1 37  7  3  6   88.501  -11.307    0.2   96 1011.8   35    3   10   10 9999
 1 37  7  3 12   88.497  -11.112    0.1   98 1007.1   15    4   10   10 9999
 1 37  7  3 18   88.493  -10.918    0.2   97  999.3  355    5   10   10 9999
 1 37  7  4  0   88.489  -10.725    0.1  100  997.8  265    3   10   10 9999
 1 37  7  4  6   88.485  -10.533    0.3   98 1003.1  215    7   10   10 9999
 1 37  7  4 12   88.481  -10.342    0.2   98 1007.3  195    6   10   10 9999
 1 37  7  4 18   88.477  -10.152    0.4   96 1008.5  195    7   10   10 9999
 1 37  7  5  0   88.474   -9.962    0.5   96 1007.3  105    3   10   10 9999
 1 37  7  5  6   88.470   -9.774    0.4  100 1004.6   85    3   10   10 9999
 1 37  7  5 12   88.466   -9.587    0.5   98 1001.3   85    2   10   10 9999
 1 37  7  5 18   88.462   -9.401    0.5   98  998.5  195    2   10   10 9999
 1 37  7  6  0   88.458   -9.215   -0.2   96  997.7  215    3   10   10 9999
 1 37  7  6  6   88.454   -9.031    0.3   96  997.8  240    5   10   10 9999
 1 37  7  6 12   88.450   -8.847    0.2   98  997.5  240    5   10   10 9999
 1 37  7  6 18   88.446   -8.665    0.3   96  998.7  265    6   10   10 9999
 1 37  7  7  0   88.442   -8.483    0.0  100 1000.7  240    4   10    3 9999
 1 37  7  7  6   88.426   -8.059    0.1   98 1004.1  265    7   10   10 9999
 1 37  7  7 12   88.411   -7.642    0.2   98 1007.0  265    6   10    4 9999
 1 37  7  7 18   88.395   -7.234    0.2   98 1008.2  265   14   10   10 9999
 1 37  7  8  0   88.380   -6.833    0.3   98 1009.5  240    4   10   10 9999
 1 37  7  8  6   88.364   -6.440    0.1   96 1012.1  265    5   10   10 9999
 1 37  7  8 12   88.349   -6.054    0.1   98 1013.4  265    5   10   10 9999
 1 37  7  8 18   88.333   -5.676    0.2   96 1013.9  240    5   10    0 9999
 1 37  7  9  0   88.317   -5.305    0.2   98 1013.5  240    4   10   10 9999
 1 37  7  9  6   88.301   -4.941    0.2   96 1013.9  265    4   10   10 9999
 1 37  7  9 12   88.285   -4.583   -0.9   99 1013.9  265    5    8    0 9999
 1 37  7  9 18   88.271   -4.263    0.7   94 1013.9  240    5    3    0 9999
 1 37  7 10  0   88.258   -3.948    1.2   88 1013.8  240    2    4    0 9999
 1 37  7 10  6   88.244   -3.638    0.7   98 1013.4  240    4    3    0 9999
 1 37  7 10 12   88.230   -3.333    1.1   94 1012.6  265    5    7    0 9999
 1 37  7 10 18   88.224   -3.274    1.6   91 1011.5  240    4    4    0 9999
 1 37  7 11  0   88.218   -3.215    0.7   96 1009.3  265    3    8    0 9999
 1 37  7 11  6   88.212   -3.156   -0.2   98 1009.7  305    3   10   10 9999
 1 37  7 11 12   88.206   -3.098   -0.4   98 1008.7  265    4   10   10 9999
 1 37  7 11 18   88.200   -3.041    0.1   98 1006.9  265    4   10   10 9999
 1 37  7 12  0   88.194   -2.983    0.0  100 1003.9  195    4   10   10 9999
 1 37  7 12  6   88.188   -2.926    0.3  100 1004.3  175    2   10   10 9999
 1 37  7 12 12   88.182   -2.870    0.4   98 1007.3   85    4   10   10 9999
 1 37  7 12 18   88.176   -2.813    0.3   94 1010.2   60    5   10   10 9999
 1 37  7 13  0   88.170   -2.757    0.2   98 1012.7   35    4   10   10 9999
 1 37  7 13  6   88.164   -2.702    0.0   98 1014.7   15    3   10    3 9999
 1 37  7 13 12   88.158   -2.647    0.1   98 1015.3  355    2   10   10 9999
 1 37  7 13 18   88.152   -2.592   -0.4   98 1012.7  265    2   10   10 9999
 1 37  7 14  0   88.146   -2.537   -0.6  100 1010.2  215    4   10   10 9999
 1 37  7 14  6   88.140   -2.483   -0.9   95 1008.1  130    5   10   10 9999
 1 37  7 14 12   88.144   -2.579   -0.1   93 1007.3  150    4   10   10 9999
 1 37  7 14 18   88.147   -2.676   -0.5   95 1008.1  150    5   10    2 9999
 1 37  7 15  0   88.151   -2.772   -1.0   97 1009.3  130    5   10    0 9999
 1 37  7 15  6   88.155   -2.869   -1.4   96 1011.8   60    4   10   10 9999
 1 37  7 15 12   88.158   -2.967   -1.4   96 1013.3   85    4 9999    0 9999
 1 37  7 15 18   88.148   -3.068   -1.4   96 1016.1   60    4   10   10 9999
 1 37  7 16  0   88.138   -3.168   -1.5   99 1017.8   85    4   10   10 9999
 1 37  7 16  6   88.128   -3.267   -2.1  100 1019.4  105    2    0    0 9999
 1 37  7 16 12   88.126   -3.360    0.1   74 1019.9    0    0    8    0 9999
 1 37  7 16 18   88.124   -3.452   -1.6   96 1019.0  240    2    8    0 9999
 1 37  7 17  0   88.122   -3.545    0.2   92 1017.0  240    4    9    0 9999
 1 37  7 17  6   88.119   -3.637    0.5   96 1015.9  305    4   10   10 9999
 1 37  7 17 12   88.117   -3.730    0.2  100 1014.7  305    2   10   10 9999
 1 37  7 17 18   88.115   -3.821    0.6   98 1014.7  305    2   10   10 9999
 1 37  7 18  0   88.112   -3.913   -1.1   95 1015.7   60    3    8    0 9999
 1 37  7 18  6   88.110   -4.005   -1.0   95 1016.2   15    5    9    9 9999
 1 37  7 18 12   88.108   -4.096   -0.4   95 1015.4   15    6    9    9 9999
 1 37  7 18 18   88.105   -4.187    0.6   94 1014.2   35    7   10   10 9999
 1 37  7 19  0   88.103   -4.278    0.0  100 1013.4   35    2    8    2 9999
 1 37  7 19  6   88.101   -4.368    0.3  100 1011.5   35    6   10   10 9999
 1 37  7 19 12   88.098   -4.458    0.7   98 1012.5   60    6   10   10 9999
 1 37  7 19 18   88.096   -4.549    0.7   98 1014.2   35    5   10   10 9999
 1 37  7 20  0   88.094   -4.638    0.5   96 1016.2   60    3    9    0 9999
 1 37  7 20  6   88.091   -4.728    1.5   92 1018.1   60    2   10    0 9999
 1 37  7 20 12   88.089   -4.818    0.7   96 1019.9   15    2   10    0 9999
 1 37  7 20 18   88.087   -4.907    0.4   98 1020.5   60    3   10    6 9999
 1 37  7 21  0   88.084   -4.996    0.5   98 1020.2   60    2   10    0 9999
 1 37  7 21  6   88.082   -5.085    0.7   96 1019.5  105    2   10    0 9999
 1 37  7 21 12   88.080   -5.173    0.5   98 1020.1  105    3   10   10 9999
 1 37  7 21 18   88.077   -5.262    0.1  100 1019.3  105    3   10   10 9999
 1 37  7 22  0   88.075   -5.350    0.4   98 1018.9  105    2   10   10 9999
 1 37  7 22  6   88.073   -5.438    0.4   98 1018.6  105    4   10   10 9999
 1 37  7 22 12   88.070   -5.525    0.5   96 1018.6  105    3   10   10 9999
 1 37  7 22 18   88.068   -5.613    0.5   96 1017.8  105    3   10   10 9999
 1 37  7 23  0   88.065   -5.700    0.5   98 1016.7  105    2   10   10 9999
 1 37  7 23  6   88.063   -5.787    0.4  100 1017.0  105    3   10   10 9999
 1 37  7 23 12   88.061   -5.874    0.4   98 1017.0  105    4   10   10 9999
 1 37  7 23 18   88.058   -5.961    0.4   98 1017.3  105    4   10   10 9999
 1 37  7 24  0   88.056   -6.047    0.4   98 1017.8  105    2   10    8 9999
 1 37  7 24  6   88.053   -6.133    0.4   98 1019.0  105    3   10    7 9999
 1 37  7 24 12   88.045   -6.163    0.7   94 1018.7  105    1   10    5 9999
 1 37  7 24 18   88.037   -6.193    1.2   92 1019.1    0    0   10    0 9999
 1 37  7 25  0   88.029   -6.223    0.7   94 1018.5  285    1   10    4 9999
 1 37  7 25  6   88.021   -6.252    0.3  100 1019.3  330    2   10   10 9999
 1 37  7 25 12   88.013   -6.281   -0.2  100 1019.3  330    4   10   10 9999
 1 37  7 25 18   88.006   -6.310   -0.2  100 1018.1  330    4   10   10 9999
 1 37  7 26  0   87.998   -6.338    0.3  100 1016.2  330    2   10   10 9999
 1 37  7 26  6   87.990   -6.367    0.1  100 1014.3  330    2   10   10 9999
 1 37  7 26 12   87.982   -6.395    0.4   98 1013.0  330    2   10   10 9999
 1 37  7 26 18   87.974   -6.423    0.3  100 1011.9   15    2   10   10 9999
 1 37  7 27  0   87.966   -6.450    0.3  100 1010.9   15    2   10   10 9999
 1 37  7 27  6   87.958   -6.478    0.3  100 1011.8   60    3   10   10 9999
 1 37  7 27 12   87.950   -6.505   -0.7   93 1011.8   60    3   10    9 9999
 1 37  7 27 18   87.942   -6.532    0.3  100 1011.3   60    2   10   10 9999
 1 37  7 28  0   87.934   -6.559    0.5   96 1009.8   15    2   10   10 9999
 1 37  7 28  6   87.926   -6.586    0.3  100 1009.7   15    3   10   10 9999
 1 37  7 28 12   87.918   -6.612    0.3  100 1007.5   15    4   10   10 9999
 1 37  7 28 18   87.910   -6.638    0.5   98 1003.7  305    7   10   10 9999
 1 37  7 29  0   87.902   -6.664    0.1   98  999.4  305    5   10   10 9999
 1 37  7 29  6   87.894   -6.690   -0.3  100  997.9   15    7   10   10 9999
 1 37  7 29 12   87.886   -6.716    0.0   99  996.7   15    6   10   10 9999
 1 37  7 29 18   87.878   -6.741    0.0  100  995.9   15    4   10   10 9999
 1 37  7 30  0   87.870   -6.767    0.0  100  995.0  330    4    9    9 9999
 1 37  7 30  6   87.880   -6.532   -0.4   98  996.6  330    4   10    0 9999
 1 37  7 30 12   87.891   -6.296   -0.2  100  998.3  330    3   10   10 9999
 1 37  7 30 18   87.901   -6.057    0.0   98 1000.6  240    5   10   10 9999
 1 37  7 31  0   87.911   -5.815    0.1   98 1001.4  195    3   10   10 9999
 1 37  7 31  6   87.921   -5.572   -0.3   96 1004.6  195    4    9    0 9999
 1 37  7 31 12   87.932   -5.326   -1.7   99 1005.9  150    6   10   10 9999
 1 37  7 31 18   87.942   -5.077    0.4   98 1004.3  150    5   10   10 9999
 1 37  8  1  0   87.952   -4.826    0.5   98 1001.1  130    5   10   10 9999
 1 37  8  1  6   87.962   -4.573    0.3   96  996.7  130    7   10   10 9999
 1 37  8  1 12   87.972   -4.317    0.8   98  991.0  130    9   10   10 9999
 1 37  8  1 18   87.982   -4.058    0.1  100  991.3  175   10   10   10 9999
 1 37  8  2  0   87.992   -3.797    0.0   98  995.8  195    5   10    0 9999
 1 37  8  2  6   88.002   -3.533   -0.7   98  999.7  175    4    3    0 9999
 1 37  8  2 12   88.008   -3.418    0.2   92 1001.9  215    4   10    3 9999
 1 37  8  2 18   88.013   -3.301    0.2   98 1001.9  195    3   10   10 9999
 1 37  8  3  0   88.019   -3.184    0.1  100 1001.7  150    3    9    0 9999
 1 37  8  3  6   88.025   -3.067    0.5   98 1003.1  130    3   10    0 9999
 1 37  8  3 12   88.035   -3.099    0.8   94 1003.5  130    3    1    0 9999
 1 37  8  3 18   88.046   -3.133   -1.0   99 1004.3  130    5   10   10 9999
 1 37  8  4  0   88.056   -3.166   -1.9   96 1005.4  130    4   10   10 9999
 1 37  8  4  6   88.067   -3.200   -0.9   97 1004.9  130    4   10   10 9999
 1 37  8  4 12   88.055   -3.201   -1.3   90 1004.3   85    3   10    9 9999
 1 37  8  4 18   88.043   -3.203    0.0  100 1004.5   60    3   10   10 9999
 1 37  8  5  0   88.032   -3.204    0.2  100 1004.3   85    1   10   10 9999
 1 37  8  5  6   88.020   -3.206    0.3   98 1004.9  305    1   10   10 9999
 1 37  8  5 12   88.008   -3.207    0.3  100 1005.9  305    2   10   10 9999
 1 37  8  5 18   87.997   -3.209    0.3   96 1008.5  305    3   10   10 9999
 1 37  8  6  0   87.985   -3.210    0.1  100 1010.7  285    4   10   10 9999
 1 37  8  6  6   87.973   -3.211   -1.7   92 1011.4  265    7   10   10 9999
 1 37  8  6 12   87.962   -3.213   -2.6   93 1012.2  305    6   10   10 9999
 1 37  8  6 18   87.950   -3.214   -1.1   92 1013.0  305    6   10    1 9999
 1 37  8  7  0   87.938   -3.215   -1.0   92 1012.1  285    4    3    0 9999
 1 37  8  7  6   87.927   -3.217   -1.0   95 1011.9  305    6   10    0 9999
 1 37  8  7 12   87.907   -3.177   -2.5  100 1009.3  305    6   10    0 9999
 1 37  8  7 18   87.888   -3.138   -1.9   98 1006.9  285    5   10   10 9999
 1 37  8  8  0   87.869   -3.100   -0.5   98 1003.4  265    5   10   10 9999
 1 37  8  8  6   87.850   -3.062   -0.2  100 1001.4  305    7   10   10 9999
 1 37  8  8 12   87.830   -3.025    0.0  100 1000.2  285    6   10   10 9999
 1 37  8  8 18   87.811   -2.989    0.0  100  998.9  285    6   10   10 9999
 1 37  8  9  0   87.792   -2.953    0.0  100  997.1  305    4   10   10 9999
 1 37  8  9  6   87.773   -2.918   -0.5   98  999.4   15    7    9    0 9999
 1 37  8  9 12   87.753   -2.883   -0.2  100 1002.3  355    6   10    8 9999
 1 37  8  9 18   87.723   -2.508   -0.5   98 1002.1  305    6   10   10 9999
 1 37  8 10  0   87.693   -2.142   -0.7   95 1001.7  305    4   10   10 9999
 1 37  8 10  6   87.662   -1.786   -0.5   98  999.5  305    5   10   10 9999
 1 37  8 10 12   87.632   -1.439   -0.2   98  994.1  285    9   10   10 9999
 1 37  8 10 18   87.601   -1.101   -0.5   98  988.7  285   12   10   10 9999
 1 37  8 11  0   87.571   -0.771    0.0   98  982.5  285   12   10   10 9999
 1 37  8 11  6   87.540   -0.450   -1.6   87  980.7  305    9   10   10 9999
 1 37  8 11 12   87.497   -0.293   -0.5   93  979.8  305   12   10   10 9999
 1 37  8 11 18   87.455   -0.142   -0.5   91  979.8  305   12   10   10 9999
 1 37  8 12  0   87.412    0.005   -0.5   98  982.5  305   12   10   10 9999
 1 37  8 12  6   87.369    0.146   -0.7   95  985.9  305   10   10   10 9999
 1 37  8 12 12   87.327    0.283   -0.6   93  990.1  305   10   10   10 9999
 1 37  8 12 18   87.314    0.424   -0.6   89  994.7  305    9   10   10 9999
 1 37  8 13  0   87.302    0.564   -0.5   91  998.6  305    8   10   10 9999
 1 37  8 13  6   87.290    0.703   -1.0   97 1002.5  305    6   10   10 9999
 1 37  8 13 12   87.278    0.840   -1.4   92 1005.8  285    6    9    0 9999
 1 37  8 13 18   87.266    0.976   -0.5   93 1008.6  265    5   10    0 9999
 1 37  8 14  0   87.253    1.111   -1.1   95 1010.1  215    4   10    4 9999
 1 37  8 14  6   87.241    1.244   -1.0   95 1009.5  195    3   10    0 9999
 1 37  8 14 12   87.229    1.376   -2.4   81 1009.5   85    2    4    0 9999
 1 37  8 14 18   87.216    1.508   -2.8   93 1007.9   85    4    4    0 9999
 1 37  8 15  0   87.204    1.638   -4.3   96 1008.7   35    3    1    0 9999
 1 37  8 15  6   87.192    1.767   -4.9   98 1011.4  355    3    8    0 9999
 1 37  8 15 12   87.179    1.862   -2.8   95 1013.4  305    3   10    4 9999
 1 37  8 15 18   87.167    1.956   -2.4   93 1014.9  265    3    4    0 9999
 1 37  8 16  0   87.155    2.049   -2.1   98 1015.9  215    3    2    0 9999
 1 37  8 16  6   87.142    2.142   -2.5   98 1016.9  265    5   10   10 9999
 1 37  8 16 12   87.130    2.233   -3.3   94 1017.3  240    4    0    0 9999
 1 37  8 16 18   87.128    2.233   -2.6   90 1016.7  215    3    0    0 9999
 1 37  8 17  0   87.126    2.233   -1.5   87 1017.5    0    0    1    0 9999
 1 37  8 17  6   87.123    2.233   -5.7   93 1018.6   60    2    1    0 9999
 1 37  8 17 12   87.129    2.162   -3.4   87 1020.3   60    3    1    0 9999
 1 37  8 17 18   87.134    2.091   -0.8   93 1020.9  105    5   10   10 9999
 1 37  8 18  0   87.140    2.020   -1.0   95 1019.5  105    8   10   10 9999
 1 37  8 18  6   87.145    1.948   -1.0   95 1017.9  105   10   10   10 9999
 1 37  8 18 12   87.151    1.876   -0.4   98 1017.1  105   10   10   10 9999
 1 37  8 18 18   87.156    1.803   -0.8   99 1015.3  105    8   10   10 9999
 1 37  8 19  0   87.162    1.731    0.0  100 1012.3   85    6   10    8 9999
 1 37  8 19  6   87.167    1.658    0.0  100 1010.1  105    6   10   10 9999
 1 37  8 19 12   87.173    1.584    0.1  100 1006.2  130    6   10   10 9999
 1 37  8 19 18   87.178    1.511    0.3  100 1004.7  130    3   10   10 9999
 1 37  8 20  0   87.184    1.437    0.2   98 1003.0  130    4   10   10 9999
 1 37  8 20  6   87.189    1.363    0.2  100 1003.3  105    2   10   10 9999
 1 37  8 20 12   87.195    1.289    0.3   98 1003.7  240    2   10   10 9999
 1 37  8 20 18   87.200    1.214    0.3   98 1003.9  240    1   10   10 9999
 1 37  8 21  0   87.206    1.139    0.2   98 1003.4    0    0   10   10 9999
 1 37  8 21  6   87.211    1.064    0.4  100 1003.5    0    0   10   10 9999
 1 37  8 21 12   87.217    0.988    0.6   98 1003.3    0    0   10   10 9999
 1 37  8 21 18   87.222    0.913    0.3   98 1004.2  195    2   10   10 9999
 1 37  8 22  0   87.227    0.836    0.0  100 1003.5   85    2   10   10 9999
 1 37  8 22  6   87.233    0.760   -0.8   97 1004.2  150    2   10   10 9999
 1 37  8 22 12   87.238    0.683   -1.5   96 1005.8  105    4   10    7 9999
 1 37  8 22 18   87.227    0.760   -0.8   95 1007.3  355    5   10   10 9999
 1 37  8 23  0   87.216    0.835    0.0  100 1006.9   15    4   10   10 9999
 1 37  8 23  6   87.206    0.910    0.0  100 1008.7  330    5   10   10 9999
 1 37  8 23 12   87.195    0.985   -0.7  100 1010.3  305    3   10   10 9999
 1 37  8 23 18   87.184    1.059   -0.9   99 1012.5  305    4   10   10 9999
 1 37  8 24  0   87.173    1.132   -1.8   96 1014.6  285    3   10    3 9999
 1 37  8 24  6   87.162    1.205   -3.1   92 1017.4  285    1   10    3 9999
 1 37  8 24 12   87.150    1.065   -4.3   93 1018.9    0    0    1    0 9999
 1 37  8 24 18   87.139    0.885   -4.9   95 1019.4  195    2    8    0 9999
 1 37  8 25  0   87.127    0.706   -2.8   95 1017.7  175    3   10   10 9999
 1 37  8 25  6   87.115    0.528   -2.2   96 1018.7  105    4   10   10 9999
 1 37  8 25 12   87.104    0.352   -1.7   96 1017.0  150    3   10   10 9999
 1 37  8 25 18   87.092    0.177   -2.0   94 1013.8   85    5   10    0 9999
 1 37  8 26  0   87.080    0.004   -0.5   91 1007.7   85    8   10   10 9999
 1 37  8 26  6   87.069   -0.168   -0.2   98  999.4   60    8   10   10 9999
 1 37  8 26 12   87.057   -0.339    0.2   98  992.7   35    7   10   10 9999
 1 37  8 26 18   87.045   -0.508   -0.4   98  989.0   35    8   10   10 9999
 1 37  8 27  0   87.033   -0.676   -0.7   97  989.7   35    8   10   10 9999
 1 37  8 27  6   87.021   -0.843   -1.6   94  990.3  355    8   10   10 9999
 1 37  8 27 12   87.009   -1.008   -1.9   96  993.1  330    7   10   10 9999
 1 37  8 27 18   86.997   -1.172   -1.5   96  994.1  330    6   10   10 9999
 1 37  8 28  0   86.985   -1.334   -1.5   94  995.0   15    6   10   10 9999
 1 37  8 28  6   86.974   -1.496   -1.0   97  995.1   35    9   10   10 9999
 1 37  8 28 12   86.962   -1.656   -1.8   94  999.4   35    7   10   10 9999
 1 37  8 28 18   86.950   -1.814   -1.2   94 1004.1   35    6   10   10 9999
 1 37  8 29  0   86.937   -1.972   -3.9   96 1006.1  355    7   10   10 9999
 1 37  8 29  6   86.925   -2.128   -4.0   94 1008.9  355    4   10   10 9999
 1 37  8 29 12   86.913   -2.283   -4.0   94 1009.7  355    4   10   10 9999
 1 37  8 29 18   86.898   -2.218   -7.7   85 1011.3  305    3    5    0 9999
 1 37  8 30  0   86.883   -2.154   -7.9   92 1011.5  330    3    9    0 9999
 1 37  8 30  6   86.867   -2.091   -5.3   96 1011.3  330    4   10   10 9999
 1 37  8 30 12   86.852   -2.028   -4.6   93 1011.9  355    4   10   10 9999
 1 37  8 30 18   86.837   -1.965   -4.9   95 1012.6  330    4   10   10 9999
 1 37  8 31  0   86.822   -1.903   -2.4   98 1012.6  330    5   10   10 9999
 1 37  8 31  6   86.806   -1.842   -3.7   91 1013.7  330    7   10    0 9999
 1 37  8 31 12   86.791   -1.782   -4.0   89 1014.6  355   11   10   10 9999
 1 37  8 31 18   86.776   -1.722   -2.7   83 1015.7  330    8   10   10 9999
 1 37  9  1  0   86.760   -1.662   -3.0   87 1016.1  330   10   10   10 9999
 1 37  9  1  6   86.745   -1.603   -3.7   91 1015.4  330    7   10   10 9999
 1 37  9  1 12   86.730   -1.545   -4.5   98 1015.1  330    4   10   10 9999
 1 37  9  1 18   86.714   -1.487   -5.4   98 1014.7  285    3   10   10 9999
 1 37  9  2  0   86.699   -1.430   -6.0   95 1013.1    0    0   10   10 9999
 1 37  9  2  6   86.684   -1.373  -10.4   93 1012.6  150    2   10   10 9999
 1 37  9  2 12   86.668   -1.317   -9.7   90 1012.5  105    1    0    0 9999
 1 37  9  2 18   86.663   -1.245  -11.2   90 1010.1  105    2    1    0 9999
 1 37  9  3  0   86.657   -1.175  -11.6   89 1009.0  195    2    1    0 9999
 1 37  9  3  6   86.651   -1.104  -11.7   89 1007.9  105    2    8    0 9999
 1 37  9  3 12   86.645   -1.033  -12.4   89 1007.1  240    3    7    0 9999
 1 37  9  3 18   86.638   -0.959  -12.2   87 1008.5  240    3    7    0 9999
 1 37  9  4  0   86.631   -0.886  -13.7   87 1009.7  265    2    3    0 9999
 1 37  9  4  6   86.624   -0.812  -14.9   87 1010.3  240    2    4    0 9999
 1 37  9  4 12   86.622   -0.791  -13.1   86 1010.3  150    2    4    0 9999
 1 37  9  4 18   86.621   -0.781  -11.6   87 1009.8  105    2    1    0 9999
 1 37  9  5  0   86.619   -0.771  -11.4   90 1006.2  105    2   10   10 9999
 1 37  9  5  6   86.618   -0.760   -8.9   93 1006.2  175    3   10   10 9999
 1 37  9  5 12   86.617   -0.750   -8.6   91 1007.1  195    2   10    6 9999
 1 37  9  5 18   86.609   -0.710   -9.8   91 1006.5    0    0    8    3 9999
 1 37  9  6  0   86.602   -0.670  -10.7   91 1006.3  355    1    7    0 9999
 1 37  9  6  6   86.594   -0.630   -7.0   89 1006.2  355    1   10    8 9999
 1 37  9  6 12   86.587   -0.590   -5.8   87 1007.1   15    2   10    0 9999
 1 37  9  6 18   86.579   -0.551   -5.4   89 1008.3  330    1   10    0 9999
 1 37  9  7  0   86.572   -0.511   -8.5   92 1010.2  330    5   10   10 9999
 1 37  9  7  6   86.564   -0.472   -7.1   94 1010.9  355    4   10   10 9999
 1 37  9  7 12   86.557   -0.433   -7.9   88 1014.1  305    3   10   10 9999
 1 37  9  7 18   86.536   -0.355   -8.7   91 1014.5  285    5   10    3 9999
 1 37  9  8  0   86.516   -0.277   -8.8   87 1015.9  305    5   10   10 9999
 1 37  9  8  6   86.495   -0.200   -8.3   88 1016.9  330    3   10   10 9999
 1 37  9  8 12   86.475   -0.124  -14.6   87 1017.9  305    4    1    1 9999
 1 37  9  8 18   86.454   -0.048  -14.7   83 1017.5  285    3    2    1 9999
 1 37  9  9  0   86.433    0.026  -15.3   86 1018.9  285    3    1    0 9999
 1 37  9  9  6   86.413    0.099  -12.2   88 1019.1  305    3   10    0 9999
 1 37  9  9 12   86.392    0.172   -8.4   90 1020.2  330    4   10    0 9999
 1 37  9  9 18   86.372    0.244   -6.7   92 1021.4  305    3   10   10 9999
 1 37  9 10  0   86.351    0.315   -6.6   94 1021.9  285    5   10   10 9999
 1 37  9 10  6   86.331    0.385   -6.7   92 1019.5  285    6   10   10 9999
 1 37  9 10 12   86.310    0.455   -6.8   91 1018.9  285    7   10   10 9999
 1 37  9 10 18   86.289    0.523   -7.1   86 1016.5  285    6   10   10 9999
 1 37  9 11  0   86.269    0.591   -7.7   86 1014.1  285    7   10   10 9999
 1 37  9 11  6   86.248    0.658   -6.8   89 1011.3  285    7   10    7 9999
 1 37  9 11 12   86.228    0.725   -6.2   88 1007.9  305    6   10   10 9999
 1 37  9 11 18   86.207    0.790   -5.0   90 1007.5  305    5   10   10 9999
 1 37  9 12  0   86.186    0.855   -6.1   93 1009.7  330    4   10   10 9999
 1 37  9 12  6   86.166    0.920   -6.6   94 1010.1  285    4   10   10 9999
 1 37  9 12 12   86.145    0.983   -6.1   93 1009.4  285    6   10   10 9999
 1 37  9 12 18   86.130    1.000   -8.0   86 1008.9  285    6    9    0 9999
 1 37  9 13  0   86.114    1.017  -12.0   84 1007.0  285    4    5    0 9999
 1 37  9 13  6   86.099    1.034  -13.9   86 1005.5  240    4    9    0 9999
 1 37  9 13 12   86.083    1.050  -10.3   85 1004.9  265    2    9    0 9999
 1 37  9 13 18   86.078    1.104  -12.4   81 1005.7  285    1    9    0 9999
 1 37  9 14  0   86.073    1.159  -11.2   89 1006.7    0    0   10   10 9999
 1 37  9 14  6   86.068    1.213  -14.5   89 1009.8  195    1   10   10 9999
 1 37  9 14 12   86.063    1.267   -9.9   89 1012.9  195    1   10   10 9999
 1 37  9 14 18   86.058    1.271  -15.2   88 1015.5  150    1    2    0 9999
 1 37  9 15  0   86.052    1.275  -15.7   86 1016.2  195    1    8    0 9999
 1 37  9 15  6   86.046    1.279  -15.0   87 1016.3  215    2    9    0 9999
 1 37  9 15 12   86.040    1.283  -12.4   88 1016.5  240    4   10    0 9999
 1 37  9 15 18   86.029    1.198   -9.8   89 1018.1  285    3   10   10 9999
 1 37  9 16  0   86.018    1.112  -18.0   86 1018.9  285    1    1    0 9999
 1 37  9 16  6   86.007    1.028  -18.1   84 1016.7  195    1    1    0 9999
 1 37  9 16 12   85.996    0.943  -18.7   84 1013.5  150    2    8    0 9999
 1 37  9 16 18   85.985    0.859  -12.9   87 1010.1  240    2    9    0 9999
 1 37  9 17  0   85.973    0.776   -9.3   88 1007.3   60    4   10   10 9999
 1 37  9 17  6   85.962    0.693   -6.7   91 1005.4   60    4   10   10 9999
 1 37  9 17 12   85.951    0.611   -6.9   92 1003.9   35    7   10   10 9999
 1 37  9 17 18   85.940    0.528   -7.1   91 1001.9   35    6   10   10 9999
 1 37  9 18  0   85.929    0.447   -9.1   90 1002.9   15   12   10   10 9999
 1 37  9 18  6   85.918    0.366  -16.3   86 1006.9  355    8    2    0 9999
 1 37  9 18 12   85.906    0.285   -8.4   88 1010.3  355    6   10   10 9999
 1 37  9 18 18   85.895    0.205   -9.7   91 1012.7  305    4   10   10 9999
 1 37  9 19  0   85.884    0.125  -16.7   86 1014.1    0    0    1    0 9999
 1 37  9 19  6   85.873    0.046  -15.2   87 1015.3    0    0   10   10 9999
 1 37  9 19 12   85.862   -0.033  -12.2   88 1015.1  150    2   10    0 9999
 1 37  9 19 18   85.853    0.033  -12.7   88 1013.7  150    4   10    0 9999
 1 37  9 20  0   85.845    0.099   -9.7   89 1010.2  195    5   10   10 9999
 1 37  9 20  6   85.837    0.165  -13.9   89 1009.8  215    4   10   10 9999
 1 37  9 20 12   85.828    0.230  -18.7   84 1009.8  265    5   10   10 9999
 1 37  9 20 18   85.820    0.295  -19.4   84 1010.3  265    4   10   10 9999
 1 37  9 21  0   85.812    0.360  -14.1   87 1009.4  175    3   10   10 9999
 1 37  9 21  6   85.803    0.425  -11.1   89 1007.8  240    4   10   10 9999
 1 37  9 21 12   85.795    0.489  -10.4   90 1005.8  175    4   10   10 9999
 1 37  9 21 18   85.787    0.554  -11.4   89 1004.7  240    1   10   10 9999
 1 37  9 22  0   85.778    0.617  -13.0   89 1003.0  240    1   10    4 9999
 1 37  9 22  6   85.770    0.681  -13.2   88 1003.4  330    3   10   10 9999
 1 37  9 22 12   85.762    0.745  -12.0   89 1001.9  305    4   10    0 9999
 1 37  9 22 18   85.753    0.808  -13.9   88  997.3  265    4   10    0 9999
 1 37  9 23  0   85.745    0.871  -11.4   89  991.9  240    3    7    1 9999
 1 37  9 23  6   85.737    0.933  -13.8   87  989.8  150    2    6    0 9999
 1 37  9 23 12   85.725    0.990  -18.2   85  991.8   15    2    9    2 9999
 1 37  9 23 18   85.714    1.046  -14.3   87  996.5  330    4   10    0 9999
 1 37  9 24  0   85.703    1.101  -12.4   87  997.9  305    5   10   10 9999
 1 37  9 24  6   85.691    1.157  -12.9   87  998.1  285    3   10    0 9999
 1 37  9 24 12   85.680    1.212  -13.6   87  997.9  265    3   10    0 9999
 1 37  9 24 18   85.669    1.267  -12.3   88  995.3  240    2   10   10 9999
 1 37  9 25  0   85.658    1.321  -22.4   83  995.4  240    2    8    0 9999
 1 37  9 25  6   85.646    1.375  -14.7   86  994.3  215    2 9999 9999 9999
 1 37  9 25 12   85.635    1.429  -11.7   88  993.1  285    6   10    4 9999
 1 37  9 25 18   85.624    1.483  -14.3   88  993.3  305    5   10   10 9999
 1 37  9 26  0   85.612    1.536  -26.0   81  994.3  215    5    1    0 9999
 1 37  9 26  6   85.601    1.590  -13.9   86  991.8  195    5 9999 9999 9999
 1 37  9 26 12   85.590    1.642  -10.7   90  989.0  240    5 9999 9999 9999
 1 37  9 26 18   85.578    1.695  -10.9   89  988.1  265    3   10   10 9999
 1 37  9 27  0   85.567    1.747  -11.1   89  987.7  265    2 9999 9999 9999
 1 37  9 27  6   85.555    1.799  -16.4   86  989.5   15    1   10    5 9999
 1 37  9 27 12   85.545    1.875  -23.9   82  993.0  355    3    8    0 9999
 1 37  9 27 18   85.535    1.962  -18.2   83  995.7  330    3   10   10 9999
 1 37  9 28  0   85.525    2.048  -22.1   84  996.7  285    4 9999 9999 9999
 1 37  9 28  6   85.515    2.134  -15.3   85  996.6  265    6    9    9 9999
 1 37  9 28 12   85.505    2.220  -14.9   86  995.5  265   10   10   10 9999
 1 37  9 28 18   85.495    2.305  -16.3   85  993.9  240   11    5    0 9999
 1 37  9 29  0   85.485    2.390  -18.7   84  993.4  215    6 9999 9999 9999
 1 37  9 29  6   85.475    2.475  -19.5   84  994.9  215    6    3    0 9999
 1 37  9 29 12   85.465    2.559  -17.2   84  996.5  215    8    9    0 9999
 1 37  9 29 18   85.454    2.643  -16.4   85  997.4  195    4    9    0 9999
 1 37  9 30  0   85.444    2.726  -16.9   85  998.6  265    4 9999 9999 9999
 1 37  9 30  6   85.434    2.809  -18.7   84 1002.1  305    2   10   10 9999
 1 37  9 30 12   85.424    2.892  -20.1   83 1003.7  105    2   10   10 9999
 1 37  9 30 18   85.414    2.974  -16.6   85 1002.6  105    2   10   10 9999
 1 37 10  1  0   85.404    3.056  -14.9   87 1001.9   85    3 9999 9999 9999
 1 37 10  1  6   85.394    3.138  -14.8   85 1002.2   85    2 9999 9999 9999
 1 37 10  1 12   85.384    3.219  -13.8   87 1003.1  215    2   10   10 9999
 1 37 10  1 18   85.373    3.300  -13.9   87 1003.0  195    1   10 9999 9999
 1 37 10  2  0   85.358    3.517  -27.4   81 1004.7  305    3    1    0 9999
 1 37 10  2  6   85.342    3.760  -25.7   81 1001.7  215    3    1    0 9999
 1 37 10  2 12   85.326    4.001  -15.1   86  997.8  195    8   10 9999 9999
 1 37 10  2 18   85.309    4.241  -10.3   89  993.4  215    6   10    0 9999
 1 37 10  3  0   85.293    4.479   -6.4   94  992.2  265    6 9999 9999 9999
 1 37 10  3  6   85.276    4.715   -5.5   92  993.7  285   10 9999 9999 9999
 1 37 10  3 12   85.260    4.949   -7.3   91  997.9  285   10   10    8 9999
 1 37 10  3 18   85.243    5.182   -7.6   91  999.7  265    8   10    4 9999
 1 37 10  4  0   85.223    5.347  -15.9   81 1002.6  305    7    1    0 9999
 1 37 10  4  6   85.198    5.376  -22.3   81 1007.3  305    8    0    0 9999
 1 37 10  4 12   85.173    5.406  -23.7   80 1012.7  285    6    1    0 9999
 1 37 10  4 18   85.148    5.435  -22.7   80 1015.4  285    6    0    0 9999
 1 37 10  5  0   85.133    5.498  -23.0   80 1016.7  285    4    1    0 9999
 1 37 10  5  6   85.120    5.568  -21.9   81 1017.3  285    2    8    0 9999
 1 37 10  5 12   85.107    5.637  -21.1   82 1017.8  265    6    8    0 9999
 1 37 10  5 18   85.094    5.705  -24.9   81 1017.1  265    2    0    0 9999
 1 37 10  6  0   85.088    5.703  -27.3   80 1015.0    0    0    0    0 9999
 1 37 10  6  6   85.083    5.686  -26.3   80 1011.7    0    0    1    0 9999
 1 37 10  6 12   85.079    5.670  -21.4   82 1008.1  105    3   10    0 9999
 1 37 10  6 18   85.074    5.653  -20.5   82 1005.4   85    2   10    0 9999
 1 37 10  7  0   85.070    5.637  -20.4   83 1005.1   35    2    2    0 9999
 1 37 10  7  6   85.060    5.695  -20.3   82 1007.9   15    1    9    0 9999
 1 37 10  7 12   85.051    5.754  -20.1   83 1008.9  330    1    9    7 9999
 1 37 10  7 18   85.041    5.812  -23.3   81 1011.1  215    1   10    0 9999
 1 37 10  8  0   85.032    5.870  -15.6   84 1012.5  240    3 9999 9999 9999
 1 37 10  8  6   85.022    5.928  -16.5   84 1013.9  305    2 9999 9999 9999
 1 37 10  8 12   85.013    5.985  -14.4   86 1016.5  285    4   10   10 9999
 1 37 10  8 18   85.003    6.042  -19.3   84 1017.5  265    3    6    0 9999
 1 37 10  9  0   84.994    6.100  -17.1   83 1016.1  240    2    9    0 9999
 1 37 10  9  6   84.984    6.156  -14.5   85 1013.0  240    4 9999 9999 9999
 1 37 10  9 12   84.975    6.213  -13.7   86 1013.4  240    5   10 9999 9999
 1 37 10  9 18   84.965    6.269  -15.6   84 1013.5  215    4   10 9999 9999
 1 37 10 10  0   84.955    6.326  -19.3   84 1011.7  195    1    9 9999 9999
 1 37 10 10  6   84.946    6.382  -16.1   85 1007.3  215    2 9999 9999 9999
 1 37 10 10 12   84.936    6.437  -15.9   85 1006.5  215    4   10    0 9999
 1 37 10 10 18   84.927    6.493  -14.1   87 1005.7  215    3   10    0 9999
 1 37 10 11  0   84.917    6.548  -13.4   85 1005.5  240    4 9999 9999 9999
 1 37 10 11  6   84.908    6.604  -13.0   86 1004.2  265    3 9999 9999 9999
 1 37 10 11 12   84.898    6.659  -15.3   85 1005.5  265    4   10 9999 9999
 1 37 10 11 18   84.888    6.713  -22.4   81 1007.1  285    6   10 9999 9999
 1 37 10 12  0   84.875    6.703  -17.6   83 1007.0  285    8   10   10 9999
 1 37 10 12  6   84.862    6.693  -19.7   82 1007.3  285    4    8 9999 9999
 1 37 10 12 12   84.849    6.684  -21.4   82 1007.9  285    4   10   10 9999
 1 37 10 12 18   84.836    6.674  -21.4   81 1008.3  285    1   10   10 9999
 1 37 10 13  0   84.822    6.664  -21.0   82 1007.5    0    0   10   10 9999
 1 37 10 13  6   84.809    6.654  -18.4   84 1007.0    0    0   10   10 9999
 1 37 10 13 12   84.796    6.645  -24.9   81 1008.2  285    4   10   10 9999
 1 37 10 13 18   84.784    6.639  -26.6   80 1008.7  265    3   10    0 9999
 1 37 10 14  0   84.777    6.651  -28.2   79 1010.6  265    1    0    0 9999
 1 37 10 14  6   84.771    6.664  -31.1   77 1012.2  265    1    0    0 9999
 1 37 10 14 12   84.764    6.676  -31.3   77 1012.9  240    2   10   10 9999
 1 37 10 14 18   84.757    6.671  -31.9   78 1012.3    0    0    0    0 9999
 1 37 10 15  0   84.749    6.577  -29.9   78 1011.8  330    1    0    0 9999
 1 37 10 15  6   84.742    6.483  -30.4   77 1011.3    0    0    0    0 9999
 1 37 10 15 12   84.734    6.390  -23.1   81 1009.3   60    4   10   10 9999
 1 37 10 15 18   84.727    6.297  -21.3   82 1008.9   60    4    8    0 9999
 1 37 10 16  0   84.721    5.961  -22.7   81 1006.5   35    6    0    0 9999
 1 37 10 16  6   84.715    5.626  -22.6   81 1004.3   35    6    0    0 9999
 1 37 10 16 12   84.709    5.293  -20.7   81 1002.3   60   11   10   10 9999
 1 37 10 16 18   84.702    4.959  -20.3   82 1000.5   35   10    9    0 9999
 1 37 10 17  0   84.696    4.627  -16.6   84  997.4   35   13   10   10 9999
 1 37 10 17  6   84.689    4.295  -16.4   81  996.2   35   16   10   10 9999
 1 37 10 17 12   84.682    3.965  -15.3 9999  999.0   35   15   10   10 9999
 1 37 10 17 18   84.675    3.635  -17.9   83 1002.1   60   12   10   10 9999
 1 37 10 18  0   84.660    3.620  -20.9   83 1003.5   35   10   10    0 9999
 1 37 10 18  6   84.644    3.605  -23.6   81 1004.3   15    8    3    0 9999
 1 37 10 18 12   84.629    3.591  -22.9   81 1004.6   35    7   10   10 9999
 1 37 10 18 18   84.614    3.576  -20.7 9999 1006.6   15    6   10   10 9999
 1 37 10 19  0   84.640    3.569  -20.6   80 1007.8   15    3    7    0 9999
 1 37 10 19  6   84.751    3.577  -24.9   79 1009.1  240    1    1    0 9999
 1 37 10 19 12   84.862    3.585  -19.1   80 1010.3  355    3   10 9999 9999
 1 37 10 19 18   84.974    3.594  -18.0   81 1011.3  305    3   10 9999 9999
 1 37 10 20  0   85.085    3.603  -19.1   81 1011.4  305    4    9    0 9999
 1 37 10 20  6   85.196    3.613  -17.4   81 1009.9  305    4    9    0 9999
 1 37 10 20 12   85.307    3.623  -18.0   81 1010.2  305    3   10    0 9999
 1 37 10 20 18   85.418    3.633  -15.4   83 1009.3  330    5   10 9999 9999
 1 37 10 21  0   85.310    3.602  -15.9   83 1010.5   15    6   10    0 9999
 1 37 10 21  6   84.984    3.536  -18.1   83 1012.5  355    5   10    0 9999
 1 37 10 21 12   84.657    3.478  -17.9   81 1014.1  330    8   10 9999 9999
 1 37 10 21 18   84.381    3.412  -19.7   81 1015.1  330    6   10    0 9999
 1 37 10 22  0   84.359    3.278  -21.4   80 1015.5  330    4    2    0 9999
 1 37 10 22  6   84.337    3.144  -22.4   80 1013.8  330    5    5    0 9999
 1 37 10 22 12   84.315    3.011  -22.9   80 1013.4  330    7    8    0 9999
 1 37 10 22 18   84.295    2.899  -21.8   79 1013.4  355    4   10    0 9999
 1 37 10 23  0   84.285    2.886  -20.7   80 1014.5  355    3   10    0 9999
 1 37 10 23  6   84.274    2.872  -20.2   81 1015.1  330    2   10   10 9999
 1 37 10 23 12   84.264    2.859  -21.3   80 1017.1  355    3   10    0 9999
 1 37 10 23 18   84.253    2.845  -23.7   80 1018.7  330    1   10    0 9999
 1 37 10 24  0   84.249    2.837  -24.9   79 1021.1  330    2    6    0 9999
 1 37 10 24  6   84.245    2.829  -29.8   79 1022.6    0    0    0    0 9999
 1 37 10 24 12   84.241    2.821  -31.2   77 1023.9  175    1    1    0 9999
 1 37 10 24 18   84.236    2.813  -30.3   77 1024.3  195    1    1    0 9999
 1 37 10 25  0   84.232    2.806  -27.7   78 1025.0    0    0    0    0 9999
 1 37 10 25  6   84.228    2.798  -30.9   77 1024.7    0    0    0    0 9999
 1 37 10 25 12   84.224    2.790  -31.3   76 1024.2  175    1    0    0 9999
 1 37 10 25 18   84.220    2.786  -29.3   76 1023.5  175    1    0    0 9999
 1 37 10 26  0   84.218    2.804  -21.6   79 1023.0  150    2   10    0 9999
 1 37 10 26  6   84.216    2.821  -18.8   81 1020.3  215    2    8    0 9999
 1 37 10 26 12   84.214    2.838  -19.9   81 1019.3    0    0   10   10 9999
 1 37 10 26 18   84.212    2.842  -19.0   81 1015.8   60    2   10 9999 9999
 1 37 10 27  0   84.210    2.817  -20.5   81 1011.8   35    3   10    0 9999
 1 37 10 27  6   84.207    2.792  -16.5   81 1007.5   35    3   10   10 9999
 1 37 10 27 12   84.204    2.767  -15.1   83 1005.8   85    3   10    0 9999
 1 37 10 27 18   84.201    2.743  -14.6   84 1004.3   85    3   10 9999 9999
 1 37 10 28  0   84.199    2.718  -14.4   84 1003.5   85    3   10   10 9999
 1 37 10 28  6   84.196    2.693  -15.6   84 1003.3   85    2   10   10 9999
 1 37 10 28 12   84.193    2.669  -15.7   84 1004.1   35    2   10   10 9999
 1 37 10 28 18   84.191    2.644  -15.4   84 1004.3    0    0   10   10 9999
 1 37 10 29  0   84.188    2.620  -18.8   82 1006.6  305    3   10 9999 9999
 1 37 10 29  6   84.185    2.595  -19.6   82 1007.4  330    3    7 9999 9999
 1 37 10 29 12   84.182    2.570  -18.6   82 1009.8  330    2   10    0 9999
 1 37 10 29 18   84.176    2.542  -19.8   82 1011.1  355    1   10   10 9999
 1 37 10 30  0   84.155    2.496  -29.6   79 1012.9  265    2    2    0 9999
 1 37 10 30  6   84.134    2.451  -32.3   78 1014.5  305    3    0    0 9999
 1 37 10 30 12   84.115    2.501  -32.3   77 1018.1  305    8    0    0 9999
 1 37 10 30 18   84.097    2.647  -35.5   76 1018.6  265    4    0    0 9999
 1 37 10 31  0   84.079    2.792  -29.4   77 1016.3  265    7    0    0 9999
 1 37 10 31  6   84.062    2.936  -26.2   78 1013.7  265    4    2    0 9999
 1 37 10 31 12   84.044    3.079  -26.9   78 1014.1  305    7    4    0 9999
 1 37 10 31 18   84.022    3.153  -29.4   77 1015.7  285    8    7    0 9999
 1 37 11  1  0   83.996    3.160  -27.4   78 1015.1  305    5    2    0 9999
 1 37 11  1  6   83.969    3.167  -28.3   78 1016.5  285   10    0    0 9999
 1 37 11  1 12   83.943    3.173  -29.4   78 1017.9  305    4    5    0 9999
 1 37 11  1 18   83.917    3.180  -29.7   78 1019.0  305    1    5    0 9999
 1 37 11  2  0   83.893    3.072  -29.2   76 1019.5  305    1    5    0 9999
 1 37 11  2  6   83.870    2.965  -28.2   77 1019.1  330    3    0    0 9999
 1 37 11  2 12   83.846    2.858  -22.5   79 1017.9   15    6   10 9999 9999
 1 37 11  2 18   83.827    2.794  -19.9   80 1018.9  355    5   10 9999 9999
 1 37 11  3  0   83.825    2.936  -28.3   78 1020.5  355    1    0    0 9999
 1 37 11  3  6   83.824    3.078  -30.8   77 1020.9    0    0    0    0 9999
 1 37 11  3 12   83.823    3.220  -30.8   76 1023.1    0    0    9    0 9999
 1 37 11  3 18   83.822    3.362  -20.6   79 1025.1  130    2   10   10 9999
 1 37 11  4  0   83.832    3.325  -18.9   80 1027.1  150    4   10 9999 9999
 1 37 11  4  6   83.852    3.106  -25.4   79 1025.4  130    1    0    0 9999
 1 37 11  4 12   83.873    2.887  -20.5   80 1025.4  130    6    9    0 9999
 1 37 11  4 18   83.893    2.665  -18.9   81 1022.5  130    8   10 9999 9999
 1 37 11  5  0   83.913    2.442  -16.4   82 1019.3  130    9   10   10 9999
 1 37 11  5  6   83.933    2.218  -15.2   84 1014.9  130    7   10   10 9999
 1 37 11  5 12   83.953    1.993  -12.4   86 1011.4  105    6   10   10 9999
 1 37 11  5 18   83.973    1.765  -14.1   84 1009.5  105    6   10   10 9999
 1 37 11  6  0   83.993    1.537  -12.5   87 1006.3   85    5   10   10 9999
 1 37 11  6  6   84.012    1.306  -15.4   85 1007.4  130    5   10   10 9999
 1 37 11  6 12   84.032    1.075  -19.4   82 1009.0   85    9   10   10 9999
 1 37 11  6 18   84.036    0.930  -21.7   81 1010.7   85    6   10    0 9999
 1 37 11  7  0   84.026    0.872  -26.8   79 1012.9   85    2    0    0 9999
 1 37 11  7  6   84.016    0.815  -30.4   81 1015.1   15    1    0    0 9999
 1 37 11  7 12   84.005    0.758  -31.7   80 1016.9   35    2    0    0 9999
 1 37 11  7 18   83.994    0.723  -33.6   79 1016.7  330    1    0    0 9999
 1 37 11  8  0   83.979    0.733  -33.6   76 1016.7    0    0    0    0 9999
 1 37 11  8  6   83.965    0.743  -32.4   76 1016.9  265    1    0    0 9999
 1 37 11  8 12   83.950    0.752  -31.6   76 1017.5  265    3    1    0 9999
 1 37 11  8 18   83.936    0.762  -29.9   76 1017.4  285    2    8    0 9999
 1 37 11  9  0   83.930    0.680  -28.4   75 1016.6  215    1    0    0 9999
 1 37 11  9  6   83.932    0.508  -29.1   77 1013.4  130    2    0    0 9999
 1 37 11  9 12   83.935    0.335  -24.3   80 1010.1  150    5    0    0 9999
 1 37 11  9 18   83.937    0.163  -20.6   79 1008.2  130    7    1    0 9999
 1 37 11 10  0   83.940   -0.010  -13.4   84 1006.1  130    8   10 9999 9999
 1 37 11 10  6   83.942   -0.183  -12.7   86 1003.1  130   10   10 9999 9999
 1 37 11 10 12   83.944   -0.356  -14.3   85 1003.3  105   11   10    0 9999
 1 37 11 10 18   83.946   -0.530  -13.9   89 1003.5   85    8    7 9999 9999
 1 37 11 11  0   83.948   -0.703  -13.0   88 1006.2   60    9   10   10 9999
 1 37 11 11  6   83.951   -0.877  -14.1   86 1010.2   35   11   10   10 9999
 1 37 11 11 12   83.953   -1.050  -16.4   87 1015.4   35   11   10   10 9999
 1 37 11 11 18   83.939   -1.214  -21.9 9999 1020.6   35    9    5    5 9999
 1 37 11 12  0   83.917   -1.371  -25.4 9999 1024.3  355    8    1 9999 9999
 1 37 11 12  6   83.895   -1.528  -21.0   85 1024.5  355   10   10 9999 9999
 1 37 11 12 12   83.873   -1.683  -20.4   85 1024.6  355    7   10 9999 9999
 1 37 11 12 18   83.851   -1.837  -22.2   81 1024.1  355    8   10 9999 9999
 1 37 11 13  0   83.830   -1.925  -24.9   80 1024.1  355    6    1    0 9999
 1 37 11 13  6   83.810   -1.948  -26.4   79 1022.2  355    2    0    0 9999
 1 37 11 13 12   83.791   -1.982  -28.5   78 1021.4  265    3    0    0 9999
 1 37 11 13 18   83.774   -2.073  -29.5   79 1017.9  305    2    0    0 9999
 1 37 11 14  0   83.757   -2.164  -22.6   81 1015.1  305    3   10 9999 9999
 1 37 11 14  6   83.740   -2.255  -20.5   80 1013.4  330    5   10 9999 9999
 1 37 11 14 12   83.723   -2.344  -20.3   81 1011.9  355    5   10 9999 9999
 1 37 11 14 18   83.706   -2.434  -19.3   81 1010.7  355    5   10 9999 9999
 1 37 11 15  0   83.689   -2.523  -18.5   82 1009.9  355    4   10 9999 9999
 1 37 11 15  6   83.672   -2.611  -18.8   82 1008.7  330    2   10    0 9999
 1 37 11 15 12   83.655   -2.699  -18.6   81 1008.7  355    6   10 9999 9999
 1 37 11 15 18   83.638   -2.787  -18.4   82 1009.1   15    5   10    0 9999
 1 37 11 16  0   83.630   -2.843  -19.2   81 1011.7   15    3   10    0 9999
 1 37 11 16  6   83.621   -2.900  -19.9   81 1013.8    0    0   10    0 9999
 1 37 11 16 12   83.613   -2.956  -22.1   81 1016.5  330    2   10    0 9999
 1 37 11 16 18   83.607   -2.992  -26.9   80 1018.3    0    0    5    0 9999
 1 37 11 17  0   83.604   -3.017  -25.7   80 1019.5  305    1   10    0 9999
 1 37 11 17  6   83.600   -3.042  -23.7   81 1018.5   85    1    8    0 9999
 1 37 11 17 12   83.596   -3.067  -24.9   80 1018.6    0    0    2    0 9999
 1 37 11 17 18   83.586   -3.105  -30.4   78 1016.1  330    2    1    0 9999
 1 37 11 18  0   83.563   -3.169  -22.6   79 1013.7  355    6   10   10 9999
 1 37 11 18  6   83.540   -3.232  -26.8   79 1013.4  330    7    7    0 9999
 1 37 11 18 12   83.517   -3.295  -29.2   78 1017.8  305    6   10    0 9999
 1 37 11 18 18   83.497   -3.340  -31.0   77 1021.3  305    1   10    0 9999
 1 37 11 19  0   83.483   -3.351  -32.2   77 1024.6  215    1    0    0 9999
 1 37 11 19  6   83.470   -3.362  -31.6   77 1024.2    0    0    0    0 9999
 1 37 11 19 12   83.456   -3.373  -31.1   76 1024.2  130    3    0    0 9999
 1 37 11 19 18   83.443   -3.384  -30.2   80 1025.0    0    0   10   10 9999
 1 37 11 20  0   83.429   -3.395  -30.3   77 1026.1   15    2   10   10 9999
 1 37 11 20  6   83.428   -3.435  -28.9   78 1025.9   15    2   10   10 9999
 1 37 11 20 12   83.431   -3.481  -29.4   77 1027.0  355    3   10   10 9999
 1 37 11 20 18   83.433   -3.527  -33.0   77 1027.1  355    1    0    0 9999
 1 37 11 21  0   83.435   -3.573  -35.4   76 1028.2  265    1    0    0 9999
 1 37 11 21  6   83.437   -3.619  -35.2   76 1024.7    0    0   10   10 9999
 1 37 11 21 12   83.439   -3.665  -30.9   77 1022.5  130    5    6    0 9999
 1 37 11 21 18   83.441   -3.711  -31.7   77 1020.2  130    3    0    0 9999
 1 37 11 22  0   83.443   -3.758  -26.4   77 1017.5  150    4    9    0 9999
 1 37 11 22  6   83.445   -3.804  -26.0   78 1013.7  175    2    8    0 9999
 1 37 11 22 12   83.447   -3.850  -20.7   81 1011.1  150    6   10 9999 9999
 1 37 11 22 18   83.449   -3.896  -17.7   81 1008.3  150    7   10 9999 9999
 1 37 11 23  0   83.451   -3.942  -15.6   83 1006.3  105    6   10 9999 9999
 1 37 11 23  6   83.454   -3.989  -12.4   85 1004.7  105    2   10 9999 9999
 1 37 11 23 12   83.456   -4.035   -9.3   87 1004.9  105    6   10   10 9999
 1 37 11 23 18   83.451   -4.124  -15.9   84 1005.7   85    8    8    2 9999
 1 37 11 24  0   83.441   -4.254  -18.2   83 1004.2   85    7    1    0 9999
 1 37 11 24  6   83.431   -4.384  -16.4   85  999.4   85    8   10 9999 9999
 1 37 11 24 12   83.420   -4.514  -18.5   81  999.0   35    7   10   10 9999
 1 37 11 24 18   83.398   -4.670  -19.9   81  997.1   60    7   10 9999 9999
 1 37 11 25  0   83.353   -4.878  -18.5   81  995.9   35    8   10   10 9999
 1 37 11 25  6   83.308   -5.083  -17.9   82  996.2   35   12   10   10 9999
 1 37 11 25 12   83.263   -5.285  -17.9   81  998.7   15   12   10   10 9999
 1 37 11 25 18   83.217   -5.471  -20.8   81 1002.7   15   11   10 9999 9999
 1 37 11 26  0   83.168   -5.589  -22.9   80 1006.2  355    8    1    0 9999
 1 37 11 26  6   83.118   -5.706  -24.1   81 1008.6  355    7    0    0 9999
 1 37 11 26 12   83.069   -5.820  -25.7   79 1011.5  330    8    0    0 9999
 1 37 11 26 18   83.020   -5.933  -27.2   79 1012.7  330    7    0    0 9999
 1 37 11 27  0   82.994   -5.938  -28.6   79 1012.5  330    5    0    0 9999
 1 37 11 27  6   82.968   -5.943  -29.7   78 1011.8  330    3    0    0 9999
 1 37 11 27 12   82.942   -5.948  -31.4   77 1012.6  305    3    1    0 9999
 1 37 11 27 18   82.918   -5.950  -34.3   76 1013.9  285    1    0    0 9999
 1 37 11 28  0   82.907   -5.943  -34.3   77 1014.2  265    1    0    0 9999
 1 37 11 28  6   82.897   -5.936  -33.8   76 1014.1    0    0    0    0 9999
 1 37 11 28 12   82.886   -5.928  -34.6   76 1013.4  175    2    3    0 9999
 1 37 11 28 18   82.875   -5.921  -33.8   77 1011.3  150    1    2    0 9999
 1 37 11 29  0   82.864   -5.949  -31.9   75 1009.4  130    1    0    0 9999
 1 37 11 29  6   82.853   -5.983  -32.5   76 1010.1  130    1    0    0 9999
 1 37 11 29 12   82.841   -6.017  -31.9   76 1012.7   85    1    5    0 9999
 1 37 11 29 18   82.830   -6.051  -28.5   80 1013.4  265    1    2    0 9999
 1 37 11 30  0   82.816   -6.066  -30.6   76 1016.3  265    1    0    0 9999
 1 37 11 30  6   82.801   -6.077  -31.5   77 1019.1  265    1    1    0 9999
 1 37 11 30 12   82.785   -6.088  -28.6   79 1019.1    0    0    4    0 9999
 1 37 11 30 18   82.770   -6.099  -24.0   79 1014.5  105    1   10   10 9999
 1 37 12  1  0   82.755   -6.109  -24.0   79 1009.5  305    2   10 9999 9999
 1 37 12  1  6   82.741   -6.121  -24.6   80 1011.4  305    1    1    0 9999
 1 37 12  1 12   82.729   -6.134  -32.1   77 1016.2  265    1    0    0 9999
 1 37 12  1 18   82.717   -6.147  -33.3   77 1017.9  305    1    0    0 9999
 1 37 12  2  0   82.705   -6.160  -35.6   76 1019.1    0    0    0    0 9999
 1 37 12  2  6   82.693   -6.173  -32.3   76 1016.7   15    1    3    0 9999
 1 37 12  2 12   82.681   -6.201  -31.0   77 1015.3  150    4    1    0 9999
 1 37 12  2 18   82.670   -6.242  -23.0   79 1012.2  175    4   10 9999 9999
 1 37 12  3  0   82.659   -6.283  -29.8   79 1011.7  175    2    2    0 9999
 1 37 12  3  6   82.648   -6.324  -22.5   80 1010.1    0    0   10 9999 9999
 1 37 12  3 12   82.637   -6.364  -18.7   81 1009.5   15    5   10 9999 9999
 1 37 12  3 18   82.624   -6.407  -20.6   81 1008.1   15    5    9 9999 9999
 1 37 12  4  0   82.601   -6.457  -25.0   80 1009.3  355    6   10 9999 9999
 1 37 12  4  6   82.577   -6.507  -27.0   79 1011.7  355    6    0    0 9999
 1 37 12  4 12   82.554   -6.557  -28.6   77 1016.6  355    4    2    0 9999
 1 37 12  4 18   82.530   -6.607  -25.9   79 1018.9  305    1   10 9999 9999
 1 37 12  5  0   82.507   -6.656  -24.0   79 1020.6  305    3   10 9999 9999
 1 37 12  5  6   82.483   -6.705  -24.9   79 1021.0  305    4   10 9999 9999
 1 37 12  5 12   82.461   -6.739  -24.6   79 1021.9  330    4    9 9999 9999
 1 37 12  5 18   82.446   -6.701  -31.6   77 1022.2  285    2    0    0 9999
 1 37 12  6  0   82.430   -6.663  -29.5   77 1023.4  240    3    0    0 9999
 1 37 12  6  6   82.415   -6.625  -31.4   77 1024.5  195    1    0    0 9999
 1 37 12  6 12   82.400   -6.587  -32.0   76 1025.8  195    3    0    0 9999
 1 37 12  6 18   82.385   -6.550  -33.3   77 1025.8  215    2    0    0 9999
 1 37 12  7  0   82.377   -6.513  -33.2   76 1026.2  175    2    0    0 9999
 1 37 12  7  6   82.369   -6.476  -30.9   77 1024.5  195    1    1    0 9999
 1 37 12  7 12   82.362   -6.439  -27.9   77 1023.5  195    4    3    0 9999
 1 37 12  7 18   82.355   -6.413  -30.1   77 1022.2  175    3    0    0 9999
 1 37 12  8  0   82.356   -6.442  -29.2   77 1019.4  150    4    0    0 9999
 1 37 12  8  6   82.356   -6.471  -27.6   77 1017.8  175    6    1    0 9999
 1 37 12  8 12   82.357   -6.500  -26.1   78 1017.7  150    7    0    0 9999
 1 37 12  8 18   82.343   -6.628  -25.9   77 1024.2  175    4    3    0 9999
 1 37 12  9  0   82.328   -6.757  -24.4   77 1031.1   60    3    5    0 9999
 1 37 12  9  6   82.314   -6.884  -23.4   79 1036.6   60    4   10   10 9999
 1 37 12  9 12   82.300   -7.011  -27.1   78 1042.7   15    6    2    0 9999
 1 37 12  9 18   82.285   -7.123  -29.6   78 1043.8   15    3    0    0 9999
 1 37 12 10  0   82.267   -7.163  -33.9   76 1042.5  355    2    0    0 9999
 1 37 12 10  6   82.249   -7.202  -30.2   78 1036.2    0    0   10   10 9999
 1 37 12 10 12   82.231   -7.241  -28.9   77 1031.0  195    3    7 9999 9999
 1 37 12 10 18   82.213   -7.279  -27.1   77 1026.7  195    2    6 9999 9999
 1 37 12 11  0   82.195   -7.318  -24.1   77 1023.7  175    3   10   10 9999
 1 37 12 11  6   82.177   -7.356  -24.0   80 1020.2   60    3   10   10 9999
 1 37 12 11 12   82.159   -7.394  -24.4   80 1012.9   35   11   10   10 9999
 1 37 12 11 18   82.141   -7.432  -27.5   79 1013.9  355    9   10   10 9999
 1 37 12 12  0   82.117   -7.447  -30.9   76 1019.7  305    4    3    0 9999
 1 37 12 12  6   82.089   -7.450  -32.9   77 1020.9    0    0    0    0 9999
 1 37 12 12 12   82.062   -7.452  -28.2   77 1021.0   35    5   10 9999 9999
 1 37 12 12 18   82.034   -7.455  -25.9   77 1017.8   15    7   10 9999 9999
 1 37 12 13  0   82.007   -7.458  -24.9   78 1017.4  355    6   10   10 9999
 1 37 12 13  6   81.979   -7.461  -25.6   78 1015.7  355    7   10   10 9999
 1 37 12 13 12   81.952   -7.463  -25.7   78 1017.5  330    8   10   10 9999
 1 37 12 13 18   81.945   -7.403  -26.6   77 1019.9  355    7    7    0 9999
 1 37 12 14  0   81.938   -7.343  -29.7   77 1022.3  305    2    3    0 9999
 1 37 12 14  6   81.932   -7.283  -32.9   76 1021.1    0    0    0    0 9999
 1 37 12 14 12   81.925   -7.223  -30.6   77 1019.4  195    4    2    0 9999
 1 37 12 14 18   81.918   -7.163  -27.6   77 1017.1  215    3    8    0 9999
 1 37 12 15  0   81.912   -7.104  -29.9   77 1017.7  215    3    7    0 9999
 1 37 12 15  6   81.905   -7.044  -27.1   77 1017.1  175    2   10    0 9999
 1 37 12 15 12   81.898   -6.985  -24.2   78 1017.1  195    5    9    0 9999
 1 37 12 15 18   81.891   -6.925  -22.9   79 1017.7  195    5   10    0 9999
 1 37 12 16  0   81.885   -6.866  -23.9   78 1016.7  195    4    1    0 9999
 1 37 12 16  6   81.878   -6.807  -23.4   79 1011.8  215    7   10    0 9999
 1 37 12 16 12   81.871   -6.748  -19.7   80 1009.8  215   10   10    0 9999
 1 37 12 16 18   81.862   -6.676  -18.6   81 1007.7  195    8    9    0 9999
 1 37 12 17  0   81.847   -6.578  -17.6   81 1001.4  195   10   10   10 9999
 1 37 12 17  6   81.832   -6.481  -19.6   81 1000.1  240    3    0    0 9999
 1 37 12 17 12   81.817   -6.385  -23.7   77 1005.9  240    1    0    0 9999
 1 37 12 17 18   81.802   -6.288  -23.2   77 1002.5  150    1    7    0 9999
 1 37 12 18  0   81.778   -6.239  -19.1   81  996.7  175    4   10    0 9999
 1 37 12 18  6   81.754   -6.190  -23.1   81  998.5  330    8   10   10 9999
 1 37 12 18 12   81.730   -6.142  -27.2   80 1004.5  355    6    8    0 9999
 1 37 12 18 18   81.689   -6.192  -28.1   78 1007.0  305    6    6    0 9999
 1 37 12 19  0   81.649   -6.243  -26.9   78 1010.9  305    6   10 9999 9999
 1 37 12 19  6   81.608   -6.293  -26.1   79 1016.6  355    8   10   10 9999
 1 37 12 19 12   81.567   -6.342  -25.6   78 1024.3   15    7   10   10 9999
 1 37 12 19 18   81.526   -6.391  -25.7   78 1023.7   35    6   10   10 9999
 1 37 12 20  0   81.486   -6.439  -23.5   79 1020.9   35    2   10   10 9999
 1 37 12 20  6   81.445   -6.487  -21.0   81 1015.4   15    4   10   10 9999
 1 37 12 20 12   81.404   -6.535  -21.5   81 1012.6  305    8   10 9999 9999
 1 37 12 20 18   81.363   -6.582  -21.3   81 1007.5   15    8   10 9999 9999
 1 37 12 21  0   81.323   -6.628  -20.9   81 1004.6   15    7   10   10 9999
 1 37 12 21  6   81.282   -6.674  -19.9   81 1000.6   15    9   10   10 9999
 1 37 12 21 12   81.241   -6.720  -23.6   81 1002.9  355    9   10    0 9999
 1 37 12 21 18   81.200   -6.765  -24.4   79 1004.1  355    6 9999    0 9999
 1 37 12 22  0   81.160   -6.810  -25.1   81 1005.5  355    6   10   10 9999
 1 37 12 22  6   81.119   -6.855  -25.5   80 1005.5  355    7   10   10 9999
 1 37 12 22 12   81.080   -6.856  -24.9   79 1008.1  355    8   10   10 9999
 1 37 12 22 18   81.043   -6.815  -27.9   80 1010.9  355    4    0    0 9999
 1 37 12 23  0   81.007   -6.775  -32.6   77 1014.5  285    1    0    0 9999
 1 37 12 23  6   80.975   -6.782  -32.9   77 1015.4  175    1    0    0 9999
 1 37 12 23 12   80.942   -6.788  -31.7   76 1017.3  150    3    0    0 9999
 1 37 12 23 18   80.910   -6.795  -32.6   77 1017.0  150    2    0    0 9999
 1 37 12 24  0   80.878   -6.801  -25.2   77 1015.1  105    1   10   10 9999
 1 37 12 24  6   80.846   -6.808  -21.1   80 1010.9    0    0   10   10 9999
 1 37 12 24 12   80.814   -6.814  -17.5   81 1008.1   15    7   10   10 9999
 1 37 12 24 18   80.782   -6.821  -17.9   82 1006.3   15    8   10   10 9999
 1 37 12 25  0   80.750   -6.827  -23.4   80 1004.9   15   15   10   10 9999
 1 37 12 25  6   80.718   -6.833  -21.4   81 1005.9   15   16   10   10 9999
 1 37 12 25 12   80.686   -6.839  -21.1   81 1010.3   15   13   10   10 9999
 1 37 12 25 18   80.653   -6.846  -19.9   81 1013.4   15   10   10   10 9999
 1 37 12 26  0   80.621   -6.852  -18.6   81 1015.5  355    7   10 9999 9999
 1 37 12 26  6   80.589   -6.858  -22.3   81 1016.1  285    1    0    0 9999
 1 37 12 26 12   80.557   -6.864  -24.6   79 1015.9    0    0    0    0 9999
 1 37 12 26 18   80.525   -6.870  -25.7   78 1012.9    0    0    0    0 9999
 1 37 12 27  0   80.477   -6.919  -24.9   79 1010.7   15    1    0    0 9999
 1 37 12 27  6   80.429   -6.968  -18.8   81 1008.2   15    7   10   10 9999
 1 37 12 27 12   80.381   -7.017  -20.3   81 1007.2   15    9   10   10 9999
 1 37 12 27 18   80.332   -7.065  -20.4   81 1008.2   15   10   10   10 9999
 1 37 12 28  0   80.282   -7.010  -20.2   81 1010.1   15    7   10   10 9999
 1 37 12 28  6   80.228   -6.855  -19.7   81 1012.2   15    9   10   10 9999
 1 37 12 28 12   80.175   -6.702  -20.4   81 1018.5   15   13   10   10 9999
 1 37 12 28 18   80.121   -6.550  -22.5   81 1022.7  355   10   10    7 9999
 1 37 12 29  0   80.068   -6.400  -21.4   81 1026.5   15    6   10   10 9999
 1 37 12 29  6   80.014   -6.251  -20.7   81 1025.9  330    2    9    9 9999
 1 37 12 29 12   79.988   -6.415  -22.4   81 1025.3  215    1    4    0 9999
 1 37 12 29 18   79.968   -6.641  -18.6   81 1023.5  195    1 9999    0 9999
 1 37 12 30  0   79.948   -6.866  -17.7   82 1020.6   60    1 9999 9999 9999
 1 37 12 30  6   79.927   -7.090  -16.5   82 1017.8   60    5   10   10 9999
 1 37 12 30 12   79.907   -7.313  -20.7   82 1022.5   35    5    2    0 9999
 1 37 12 30 18   79.885   -7.363  -22.0   81 1027.1   15    4    9    0 9999
 1 37 12 31  0   79.863   -7.378  -21.6   81 1027.1  105    1   10   10 9999
 1 37 12 31  6   79.842   -7.394  -17.9   82 1020.5  130    5   10   10 9999
 1 37 12 31 12   79.820   -7.409   -5.9   82 1011.0  175   13   10   10 9999
 1 37 12 31 18   79.798   -7.424  -12.0   88 1003.1  285    5   10   10 9999
 1 38  1  1  0   79.777   -7.439  -21.1   85 1002.1   60   10   10   10 9999
 1 38  1  1  6   79.755   -7.454  -24.9   84 1005.1   35    8   10   10 9999
 1 38  1  1 12   79.732   -7.462  -28.5   82 1010.3  285    1    0    0 9999
 1 38  1  1 18   79.707   -7.435  -32.0   81 1011.8  215    1    0    0 9999
 1 38  1  2  0   79.682   -7.407  -34.0   79 1013.0  240    4    0    0 9999
 1 38  1  2  6   79.657   -7.380  -32.4   81 1013.7  265    2    0    0 9999
 1 38  1  2 12   79.631   -7.353  -31.4   80 1016.6  305    3    3    0 9999
 1 38  1  2 18   79.606   -7.326  -26.1   81 1018.3  305    2    7    0 9999
 1 38  1  3  0   79.584   -7.363  -25.9   81 1022.3  305    1    0    0 9999
 1 38  1  3  6   79.563   -7.413  -24.7   81 1023.8    0    0    0    0 9999
 1 38  1  3 12   79.543   -7.462  -29.5   80 1024.5  195    2    0    0 9999
 1 38  1  3 18   79.522   -7.511  -23.7   81 1020.2  195    1   10   10 9999
 1 38  1  4  0   79.501   -7.560  -20.7   82 1015.8  105    3   10 9999 9999
 1 38  1  4  6   79.480   -7.609  -20.5   82 1013.8   85    5   10 9999 9999
 1 38  1  4 12   79.459   -7.658  -26.2   81 1016.3   35    3    1    0 9999
 1 38  1  4 18   79.426   -7.733  -27.9   79 1018.3   35    5    2    0 9999
 1 38  1  5  0   79.369   -7.861  -26.1   81 1019.1   35    8   10   10 9999
 1 38  1  5  6   79.313   -7.987  -25.0   81 1018.3  355    8   10 9999 9999
 1 38  1  5 12   79.256   -8.112  -24.6   81 1020.9   15   11   10 9999 9999
 1 38  1  5 18   79.199   -8.236  -24.9   81 1023.1   15    9   10 9999 9999
 1 38  1  6  0   79.142   -8.359  -24.5   81 1024.5   15    9   10 9999 9999
 1 38  1  6  6   79.085   -8.480  -24.8   81 1023.4   15    8   10 9999 9999
 1 38  1  6 12   79.028   -8.600  -26.4   80 1023.0   15    5    1 9999 9999
 1 38  1  6 18   78.995   -8.657  -28.2   80 1020.7  355    4    0    0 9999
 1 38  1  7  0   78.961   -8.714  -30.3   78 1017.9  355    3    0    0 9999
 1 38  1  7  6   78.928   -8.770  -33.0   78 1013.5  355    1    0    0 9999
 1 38  1  7 12   78.893   -8.839  -31.9   78 1013.5  355    4    0    0 9999
 1 38  1  7 18   78.848   -8.975  -27.8   79 1013.1   15    5    0    0 9999
 1 38  1  8  0   78.804   -9.109  -29.1   80 1015.4   15    8    0    0 9999
 1 38  1  8  6   78.760   -9.242  -31.9   79 1014.9   15    7    0    0 9999
 1 38  1  8 12   78.715   -9.374  -31.9   78 1014.7   15    9    0    0 9999
 1 38  1  8 18   78.670   -9.501  -32.4   78 1013.0   15    4    0    0 9999
 1 38  1  9  0   78.618   -9.606  -32.4   78 1010.6   15    4    4    0 9999
 1 38  1  9  6   78.567   -9.711  -30.5   79 1007.4  355    5    0    0 9999
 1 38  1  9 12   78.515   -9.814  -28.8   80 1007.0  355   10    8    0 9999
 1 38  1  9 18   78.463   -9.917  -28.7   80 1006.9  355    8    9    0 9999
 1 38  1 10  0   78.424  -10.017  -26.4   80 1006.9   15    7   10    0 9999
 1 38  1 10  6   78.384  -10.116  -25.9   81 1005.3   15    5    6    0 9999
 1 38  1 10 12   78.345  -10.215  -25.6   81 1006.2   15    6   10 9999 9999
 1 38  1 10 18   78.305  -10.313  -27.1   80 1005.0  355    4   10 9999 9999
 1 38  1 11  0   78.274  -10.403  -29.3   79 1004.9  330    3    2    0 9999
 1 38  1 11  6   78.243  -10.492  -32.1   79 1003.8  305    1    0    0 9999
 1 38  1 11 12   78.211  -10.581  -31.9   80 1003.4  215    1 9999 9999 9999
 1 38  1 11 18   78.180  -10.670  -25.2   81 1001.7  285    1   10 9999 9999
 1 38  1 12  0   78.149  -10.758  -29.4   80 1000.5    0    0   10    0 9999
 1 38  1 12  6   78.117  -10.845  -28.1   81  997.8    0    0    7    0 9999
 1 38  1 12 12   78.086  -10.932  -22.7   81  995.9    0    0   10 9999 9999
 1 38  1 12 18   78.054  -11.019  -24.3   82  997.0  355    3   10 9999 9999
 1 38  1 13  0   78.023  -11.105  -26.6   81  996.3  355    5   10 9999 9999
 1 38  1 13  6   77.992  -11.190  -24.8   81  997.9   15    6   10 9999 9999
 1 38  1 13 12   77.960  -11.275  -24.6   81 1000.2   35    8   10   10 9999
 1 38  1 13 18   77.929  -11.360  -24.9   81 1001.1   35    8   10   10 9999
 1 38  1 14  0   77.897  -11.444  -24.9   81 1002.3   35    8   10   10 9999
 1 38  1 14  6   77.865  -11.528  -24.4   82 1001.9   35    6   10   10 9999
 1 38  1 14 12   77.834  -11.612  -23.9   81 1000.2   35    9   10   10 9999
 1 38  1 14 18   77.802  -11.695  -23.4   81 1000.5   35    8   10   10 9999
 1 38  1 15  0   77.771  -11.777  -23.9   81 1001.1   15    8   10   10 9999
 1 38  1 15  6   77.739  -11.859  -26.0   81 1003.1   15    3   10 9999 9999
 1 38  1 15 12   77.691  -11.935  -29.6   80 1006.9   15    3    8    0 9999
 1 38  1 15 18   77.636  -12.007  -29.2   81 1007.9   35    6    9    0 9999
 1 38  1 16  0   77.581  -12.079  -27.9   80 1007.5   35    8   10 9999 9999
 1 38  1 16  6   77.525  -12.150  -27.0   81 1005.0   35   12   10   10 9999
 1 38  1 16 12   77.470  -12.220  -28.4   81 1004.9   35   16   10   10 9999
 1 38  1 16 18   77.414  -12.290  -29.4   81 1005.8   35   18   10   10 9999
 1 38  1 17  0   77.359  -12.359  -31.9   81 1006.1   35   12    9    0 9999
 1 38  1 17  6   77.303  -12.427  -33.4   81 1006.3   35   12   10 9999 9999
 1 38  1 17 12   77.270  -12.448  -34.8 9999 1006.7  355    9    0    0 9999
 1 38  1 17 18   77.248  -12.445  -34.9 9999 1008.1  355    7    0    0 9999
 1 38  1 18  0   77.226  -12.442  -38.2   79 1009.4  355    2    0    0 9999
 1 38  1 18  6   77.204  -12.439  -41.7   81 1010.3    0    0    0    0 9999
 1 38  1 18 12   77.181  -12.435  -43.8   80 1011.5    0    0    0    0 9999
 1 38  1 18 18   77.160  -12.437  -40.2   76 1011.9  105    1    0    0 9999
 1 38  1 19  0   77.140  -12.449  -37.2   76 1012.3  215    1    0    0 9999
 1 38  1 19  6   77.120  -12.461  -39.0   77 1011.4  195    1    0    0 9999
 1 38  1 19 12   77.090  -12.508  -38.5   77 1012.7  195    2    0    0 9999
 1 38  1 19 18   77.049  -12.591  -41.3   77 1011.9    0    0    1    0 9999
 1 38  1 20  0   77.009  -12.674  -35.3   77 1010.9    0    0   10 9999 9999
 1 38  1 20  6   76.968  -12.756  -27.6   79 1006.1   35    6   10   10 9999
 1 38  1 20 12   76.927  -12.838  -21.2   81  995.9   35   12   10   10 9999
 1 38  1 20 18   76.887  -12.919  -10.7   83  982.3   35    6   10   10 9999
 1 38  1 21  0   76.846  -12.999  -18.4   86  972.3  355    8   10   10 9999
 1 38  1 21  6   76.805  -13.079  -16.8   85  964.6  355    6   10 9999 9999
 1 38  1 21 12   76.764  -13.159   -8.7   90  961.7    0    0   10 9999 9999
 1 38  1 21 18   76.724  -13.238   -9.3   92  961.8  355    6   10   10 9999
 1 38  1 22  0   76.683  -13.316  -18.1   89  970.1   15   15   10   10 9999
 1 38  1 22  6   76.642  -13.394  -18.8   89  980.9   35   16   10   10 9999
 1 38  1 22 12   76.613  -13.454  -18.6   86  992.1   35    7    9 9999 9999
 1 38  1 22 18   76.596  -13.496  -21.4   86  999.4   85    1    6    0 9999
 1 38  1 23  0   76.580  -13.538  -25.4   85 1001.8    0    0    1    0 9999
 1 38  1 23  6   76.563  -13.580  -24.6   83  999.8  150    1    0    0 9999
 1 38  1 23 12   76.543  -13.600  -28.0   82  999.0    0    0    0    0 9999
 1 38  1 23 18   76.523  -13.617  -30.3   81  997.1   60    1    1    0 9999
 1 38  1 24  0   76.502  -13.634  -30.2   81  998.1   60    1    0    0 9999
 1 38  1 24  6   76.482  -13.650  -34.0   80  999.1  355    1    0    0 9999
 1 38  1 24 12   76.458  -13.657  -34.7   77 1003.0  355    1    1    0 9999
 1 38  1 24 18   76.434  -13.664  -36.4   79 1005.7  195    1    1    0 9999
 1 38  1 25  0   76.411  -13.672  -33.7   80 1006.2    0    0    1    0 9999
 1 38  1 25  6   76.387  -13.679  -34.8   80 1006.5    0    0    0    0 9999
 1 38  1 25 12   76.362  -13.689  -30.9   80 1006.9   15    2    9    0 9999
 1 38  1 25 18   76.337  -13.699  -27.4   81 1005.5  355    2    8    0 9999
 1 38  1 26  0   76.312  -13.710  -30.9   80 1004.2   15    2    2    0 9999
 1 38  1 26  6   76.287  -13.720  -32.6   80 1000.2   15    2    2    0 9999
 1 38  1 26 12   76.202  -13.838  -33.0   80 1000.3  355    3    2    0 9999
 1 38  1 26 18   76.118  -13.954  -32.7   80  999.5   15    4    3    0 9999
 1 38  1 27  0   76.034  -14.068  -31.1   79  999.8   15    6    0    0 9999
 1 38  1 27  6   75.949  -14.182  -31.4   81  996.9   15    8    6 9999 9999
 1 38  1 27 12   75.865  -14.294  -26.4   81  994.2  355   14   10    3 9999
 1 38  1 27 18   75.780  -14.404  -24.4   81  991.3  355   16   10 9999 9999
 1 38  1 28  0   75.696  -14.514  -23.3   81  987.1  355   16 9999 9999 9999
 1 38  1 28  6   75.611  -14.622  -22.1   82  983.9  355   15 9999 9999 9999
 1 38  1 28 12   75.526  -14.728  -21.9   81  982.2  355   13 9999 9999 9999
 1 38  1 28 18   75.441  -14.834  -19.2   81  980.6  355   10   10 9999 9999
 1 38  1 29  0   75.357  -14.938  -16.3   85  980.1   15   10   10 9999 9999
 1 38  1 29  6   75.272  -15.041  -12.4   84  981.3  355    8   10 9999 9999
 1 38  1 29 12   75.187  -15.143  -12.9   85  985.5   15   17   10   10 9999
 1 38  1 29 18   75.102  -15.244  -12.9   85  986.7   15   17   10   10 9999
 1 38  1 30  0   75.017  -15.344  -14.4   85  994.6   15   22   10   10 9999
 1 38  1 30  6   74.932  -15.442  -13.9 9999  998.5   15   15   10   10 9999
 1 38  1 30 12   74.847  -15.539  -12.9 9999 1000.2   15   16   10   10 9999
 1 38  1 30 18   74.762  -15.636  -12.1 9999  998.7   15   18   10 9999 9999
 1 38  1 31  0   74.676  -15.731  -11.3 9999  996.3   35   20   10   10 9999
 1 38  1 31  6   74.591  -15.825  -11.3 9999  995.5   35   22   10   10 9999
 1 38  1 31 12   74.506  -15.918  -11.0   96  993.1   60   16   10   10 9999
 1 38  1 31 18   74.421  -16.010   -9.9   96  992.3   60   18   10   10 9999
 1 38  2  1  0   74.335  -16.102   -7.1   98  993.9   60   15   10   10 9999
 1 38  2  1  6   74.250  -16.192   -8.1 9999  997.0   60   15   10 9999 9999
 1 38  2  1 12   74.223  -16.219   -9.9   98 1000.7   60   11   10 9999 9999
 1 38  2  1 18   74.196  -16.246   -8.4   99 1001.8   60    7   10   10 9999
 1 38  2  2  0   74.169  -16.273  -11.2 9999 1001.0   60    7   10   10 9999
 1 38  2  2  6   74.141  -16.300   -9.4   95  998.7   60    6   10   10 9999
 1 38  2  2 12   74.114  -16.327  -10.1   96  997.0   60    6   10   10 9999
 1 38  2  2 18   74.087  -16.353  -11.2   94  995.1   60    4   10   10 9999
 1 38  2  3  0   74.060  -16.380  -13.6   92  992.6   60    6    2    0 9999
 1 38  2  3  6   74.005  -16.330  -15.9   89  991.9  355    3    3    0 9999
 1 38  2  3 12   73.938  -16.489  -18.1   85  991.0  355    3    4    3 9999
 1 38  2  3 18   73.872  -16.647  -16.4   83  990.6  355    5    9    9 9999
 1 38  2  4  0   73.805  -16.804  -12.6   84  989.9  305    9   10 9999 9999
 1 38  2  4  6   73.738  -16.959  -10.9   90  988.7  330    6   10 9999 9999
 1 38  2  4 12   73.671  -17.113   -9.2   83  987.0  330    6   10 9999 9999
 1 38  2  4 18   73.604  -17.266  -11.5   83  986.7   15    6   10 9999 9999
 1 38  2  5  0   73.537  -17.417  -12.4 9999  987.1   85   12   10 9999 9999
 1 38  2  5  6   73.469  -17.567  -11.9   83  990.4   35   14   10 9999 9999
 1 38  2  5 12   73.402  -17.716  -11.9 9999  994.4   35   15   10 9999 9999
 1 38  2  5 18   73.334  -17.864  -13.3   97  996.9   60   13   10   10 9999
 1 38  2  6  0   73.260  -18.006  -13.4   85  998.2   60   15   10 9999 9999
 1 38  2  6  6   73.182  -18.143  -13.4 9999 1000.9 9999 9999    4    0 9999
 1 38  2  6 12   73.105  -18.279  -10.9 9999 1004.6  330    6   10   10 9999
 1 38  2  6 18   73.027  -18.413  -11.2   90 1008.5  330    2   10    0 9999
 1 38  2  7  0   72.924  -18.548  -12.9   88 1012.3  285    1    2    0 9999
 1 38  2  7  6   72.822  -18.680  -12.1   89 1014.6  285    1    4    0 9999
 1 38  2  7 12   72.720  -18.811  -10.9   91 1012.3  330    5   10 9999 9999
 1 38  2  7 18   72.617  -18.941  -13.7   88 1005.5   35   13   10 9999 9999
 1 38  2  8  0   72.515  -19.069  -12.6 9999  995.3   60   20   10   10 9999
 1 38  2  8  6   72.412  -19.196  -11.4   88  988.2   60   29   10   10 9999
 1 38  2  8 12   72.309  -19.321  -12.6 9999  992.5   35   23   10   10 9999
 1 38  2  8 18   72.207  -19.444   -9.6 9999  998.3   15   18   10    0 9999
 1 38  2  9  0   72.104  -19.566  -13.3   72 1001.1   15    5   10    0 9999
 1 38  2  9  6   72.048  -19.624  -16.3   79 1001.8   15    2    8    0 9999
 1 38  2  9 12   72.002  -19.669  -17.5 9999 1003.4   15    5    9    0 9999
 1 38  2  9 18   71.956  -19.714  -15.5   78 1007.0   15    4    7    0 9999
 1 38  2 10  0   71.916  -19.761  -17.1   77 1010.7   15    2    0    0 9999
 1 38  2 10  6   71.882  -19.808  -19.9 9999 1015.1  355    4    1    0 9999
 1 38  2 10 12   71.848  -19.856  -22.1   76 1021.3   15    3    2    0 9999
 1 38  2 10 18   71.813  -19.903  -23.8   85 1025.5   15    1    0    0 9999
 1 38  2 11  0   71.780  -19.929  -22.4 9999 1030.1    0    0    0    0 9999
 1 38  2 11  6   71.747  -19.954  -23.8   81 1030.2    0    0    8    0 9999
 1 38  2 11 12   71.714  -19.979  -22.1   81 1023.9    0    0    9    0 9999
 1 38  2 11 18   71.680  -20.003  -20.2 9999 1019.7  355    1    9    0 9999
 1 38  2 12  0   71.647  -20.030  -19.4   82 1019.1    0    0   10   10 9999
 1 38  2 12  6   71.613  -20.054  -22.9   81 1017.9    0    0    0    0 9999
 1 38  2 12 12   71.582  -20.056  -23.9   78 1021.0    0    0    0    0 9999
 1 38  2 12 18   71.551  -20.059  -24.0   64 1028.9   15    5    9    0 9999
 1 38  2 13  0   71.520  -20.062  -24.2   76 1033.9  355    3   10    0 9999
 1 38  2 13  6   71.488  -20.064  -21.4   77 1032.6    0    0   10   10 9999
 1 38  2 13 12   71.457  -20.067  -17.3   80 1024.2    0    0   10   10 9999
 1 38  2 13 18   71.426  -20.069  -18.2   78 1014.6    0    0   10   10 9999
 1 38  2 14  0   71.395  -20.072  -15.8   80 1007.3  240    1   10    0 9999
 1 38  2 14  6   71.364  -20.075   -7.8   76  999.5  240    1   10   10 9999
 1 38  2 14 12   71.329  -20.071   -3.5 9999  992.5  240    4    0    0 9999
 1 38  2 14 18   71.293  -20.066   -2.3 9999  994.6  240    7    0    0 9999
 1 38  2 15  0   71.257  -20.061  -19.8   84 1011.8    0    0    1    0 9999
 1 38  2 15  6   71.223  -20.059  -13.9   87 1014.2  195    1    8    0 9999
 1 38  2 15 12   71.192  -20.062   -9.7   89 1012.1  195    1   10   10 9999
 1 38  2 15 18   71.161  -20.065   -8.4   91 1012.2   15    1   10   10 9999
 1 38  2 16  0   71.129  -20.067   -6.5   92 1002.9  355    2   10   10 9999
 1 38  2 16  6   71.098  -20.070   -8.9   92 1003.0  150    1   10   10 9999
 1 38  2 16 12   71.069  -20.044   -0.5   95  999.4  195    6   10   10 9999
 1 38  2 16 18   71.040  -20.019  -11.6   89 1003.7    0    0    9    0 9999
 1 38  2 17  0   71.011  -19.993  -11.6   89 1007.1    0    0    9    0 9999
 1 38  2 17  6   70.982  -19.968  -17.1   90 1015.3    0    0    0    0 9999
 1 38  2 17 12   70.957  -19.905  -17.8   90 1021.8    0    0    7    0 9999
 1 38  2 17 18   70.934  -19.835   -8.8   92 1024.5    0    0    9    0 9999
 1 38  2 18  0   70.911  -19.766   -3.9   95 1020.6  150    1   10   10 9999
 1 38  2 18  6   70.888  -19.697   -5.7   95 1015.5  215    3   10   10 9999
 1 38  2 18 12 9999.000 9999.000   -0.9   90 1010.7  215   13    7    5 9999
 1 38  2 18 18 9999.000 9999.000   -6.4   75 1015.3  215    6    8    0 9999
 1 38  2 19  0 9999.000 9999.000   -9.9   68 1031.0   15    4    5    0 9999
 1 38  2 19  6 9999.000 9999.000  -11.5   65 1037.9   60    2    2    0 9999
 1 38  2 19 12 9999.000 9999.000   -7.9   70 1037.3  195    4   10    0 9999
